


-----------------------------------------------------------

Traccia numero 0: brahms

-----------------------------------------------------------
Numero di Onset di Librosa: 
70
Numero di Onset dell'Implementazione: 
169
Differenza in Percentuale: 
58.57988165680473%

Librosa: 
[6, 13, 42, 62, 80, 116, 144, 160, 170, 205, 229, 266, 299, 317, 336, 354, 368, 378, 403, 436, 453, 470, 486, 503, 540, 560, 609, 630, 664, 680, 697, 727, 757, 847, 858, 903, 931, 956, 983, 1011, 1028, 1043, 1063, 1115, 1168, 1234, 1277, 1318, 1363, 1375, 1387, 1427, 1444, 1497, 1521, 1528, 1541, 1555, 1563, 1598, 1612, 1628, 1645, 1685, 1700, 1716, 1810, 1850, 1860, 1871]
Implementazione: 
[13, 28, 34, 49, 53, 61, 66, 69, 72, 79, 84, 88, 97, 106, 112, 120, 125, 132, 138, 142, 154, 160, 172, 178, 187, 195, 203, 209, 212, 218, 223, 228, 231, 240, 246, 256, 265, 273, 282, 285, 290, 298, 315, 329, 333, 343, 349, 353, 359, 362, 368, 375, 383, 394, 402, 418, 434, 451, 461, 468, 484, 501, 505, 519, 531, 537, 552, 557, 611, 614, 619, 623, 627, 631, 636, 640, 645, 652, 660, 667, 679, 691, 696, 702, 712, 717, 722, 727, 732, 737, 742, 755, 760, 765, 770, 780, 785, 793, 800, 808, 815, 825, 829, 833, 839, 858, 867, 873, 879, 886, 891, 898, 903, 914, 922, 929, 938, 942, 949, 954, 961, 966, 982, 989, 997, 1012, 1021, 1027, 1036, 1043, 1051, 1062, 1071, 1135, 1142, 1150, 1167, 1188, 1194, 1198, 1203, 1211, 1233, 1240, 1246, 1253, 1260, 1283, 1290, 1295, 1336, 1386, 1496, 1504, 1519, 1527, 1540, 1550, 1554, 1562, 1569, 1577, 1584, 1598, 1611, 1614, 1627, 1642, 1645]

Confronto tra le Medie degli Array di Onset: 182.9965342349958

Media dei confronti tra onset (in frame) vicini 10: 4.339285714285714
In percentuale con il fattore di vicinanza per la comparazione: 43.392857142857146%



-----------------------------------------------------------

Traccia numero 1: choice

-----------------------------------------------------------
Numero di Onset di Librosa: 
98
Numero di Onset dell'Implementazione: 
79
Differenza in Percentuale: 
19.387755102040817%

Librosa: 
[3, 21, 26, 38, 40, 59, 68, 77, 88, 95, 105, 115, 135, 144, 153, 173, 183, 191, 211, 220, 230, 239, 248, 258, 267, 278, 287, 305, 325, 332, 343, 363, 372, 381, 392, 400, 411, 419, 439, 449, 457, 475, 477, 487, 495, 515, 524, 533, 542, 552, 558, 563, 571, 580, 590, 610, 621, 628, 636, 647, 667, 676, 685, 694, 705, 711, 720, 723, 743, 752, 760, 762, 779, 790, 799, 819, 828, 837, 847, 856, 867, 875, 895, 914, 922, 933, 941, 951, 971, 980, 989, 1000, 1008, 1019, 1027, 1046, 1057, 1065]
Implementazione: 
[26, 37, 67, 76, 86, 94, 97, 103, 106, 114, 124, 132, 144, 153, 173, 182, 189, 218, 238, 246, 257, 266, 303, 333, 342, 371, 380, 391, 400, 410, 418, 437, 447, 455, 485, 493, 522, 539, 544, 551, 557, 564, 570, 579, 590, 598, 608, 635, 646, 675, 684, 693, 703, 712, 718, 722, 740, 747, 751, 759, 788, 798, 826, 846, 855, 865, 874, 894, 912, 941, 950, 979, 988, 999, 1009, 1017, 1026, 1045, 1064]

Confronto tra le Medie degli Array di Onset: 6.219969000258402

Media dei confronti tra onset (in frame) vicini 10: 4.573333333333333
In percentuale con il fattore di vicinanza per la comparazione: 45.733333333333334%



-----------------------------------------------------------

Traccia numero 2: fishin

-----------------------------------------------------------
Numero di Onset di Librosa: 
355
Numero di Onset dell'Implementazione: 
375
Differenza in Percentuale: 
5.333333333333334%

Librosa: 
[10, 19, 25, 34, 48, 55, 70, 78, 83, 91, 106, 113, 121, 128, 142, 164, 171, 179, 186, 201, 208, 222, 230, 238, 245, 258, 267, 280, 287, 303, 316, 324, 339, 347, 375, 397, 405, 420, 434, 442, 457, 464, 478, 507, 522, 528, 557, 581, 587, 594, 610, 616, 625, 638, 652, 666, 710, 726, 735, 749, 756, 771, 785, 806, 815, 829, 843, 865, 873, 887, 895, 903, 910, 924, 938, 945, 960, 974, 982, 989, 1000, 1009, 1018, 1025, 1038, 1048, 1054, 1062, 1069, 1078, 1086, 1092, 1098, 1118, 1134, 1140, 1149, 1178, 1187, 1194, 1201, 1215, 1223, 1238, 1246, 1252, 1260, 1274, 1282, 1295, 1311, 1334, 1340, 1354, 1362, 1369, 1376, 1391, 1412, 1427, 1449, 1458, 1486, 1507, 1515, 1522, 1529, 1543, 1580, 1603, 1624, 1632, 1645, 1660, 1682, 1690, 1695, 1705, 1719, 1727, 1749, 1778, 1807, 1814, 1822, 1835, 1852, 1859, 1865, 1879, 1881, 1894, 1908, 1916, 1924, 1930, 1939, 1952, 1967, 1976, 1998, 2011, 2026, 2041, 2055, 2069, 2078, 2092, 2099, 2113, 2127, 2157, 2170, 2186, 2208, 2229, 2258, 2260, 2275, 2289, 2297, 2324, 2332, 2347, 2355, 2361, 2369, 2384, 2391, 2405, 2413, 2419, 2435, 2441, 2449, 2464, 2472, 2478, 2486, 2500, 2508, 2522, 2536, 2544, 2557, 2559, 2566, 2580, 2589, 2595, 2602, 2618, 2624, 2638, 2647, 2653, 2675, 2683, 2697, 2706, 2712, 2719, 2741, 2748, 2755, 2771, 2778, 2786, 2814, 2828, 2843, 2851, 2871, 2880, 2886, 2900, 2915, 2928, 2931, 2946, 2953, 2968, 2975, 2989, 3005, 3012, 3026, 3032, 3048, 3056, 3062, 3069, 3084, 3092, 3106, 3115, 3120, 3129, 3142, 3150, 3164, 3172, 3179, 3187, 3201, 3209, 3223, 3229, 3236, 3244, 3252, 3265, 3280, 3287, 3310, 3318, 3326, 3340, 3347, 3354, 3359, 3383, 3399, 3412, 3418, 3428, 3456, 3471, 3479, 3493, 3500, 3515, 3529, 3537, 3552, 3558, 3573, 3582, 3587, 3603, 3609, 3617, 3631, 3640, 3646, 3654, 3661, 3668, 3676, 3690, 3704, 3719, 3727, 3734, 3763, 3771, 3778, 3785, 3792, 3800, 3807, 3821, 3851, 3858, 3880, 3909, 3923, 3938, 3953, 3959, 3968, 4019, 4026, 4041, 4055, 4068, 4084, 4091, 4099, 4113, 4128, 4142, 4157, 4172, 4185, 4201, 4209, 4216, 4229, 4244, 4252, 4260, 4275, 4288, 4303]
Implementazione: 
[9, 18, 25, 31, 47, 54, 68, 90, 105, 112, 126, 142, 148, 170, 184, 207, 221, 228, 243, 265, 280, 287, 301, 323, 339, 345, 359, 382, 403, 418, 433, 440, 462, 468, 476, 483, 490, 505, 514, 528, 534, 542, 548, 556, 564, 573, 577, 592, 611, 621, 637, 650, 657, 664, 672, 679, 682, 695, 709, 723, 732, 748, 754, 769, 791, 806, 813, 827, 842, 849, 871, 885, 908, 923, 929, 937, 942, 958, 968, 973, 980, 989, 1001, 1009, 1015, 1022, 1030, 1037, 1046, 1061, 1074, 1090, 1110, 1118, 1125, 1128, 1131, 1136, 1149, 1162, 1177, 1192, 1199, 1214, 1221, 1236, 1252, 1258, 1273, 1280, 1293, 1296, 1310, 1316, 1338, 1352, 1368, 1374, 1397, 1411, 1438, 1441, 1456, 1463, 1470, 1492, 1499, 1507, 1513, 1522, 1529, 1544, 1556, 1572, 1578, 1586, 1595, 1602, 1609, 1615, 1630, 1644, 1650, 1654, 1673, 1681, 1693, 1703, 1710, 1733, 1740, 1747, 1761, 1791, 1806, 1814, 1820, 1829, 1835, 1849, 1864, 1877, 1906, 1922, 1929, 1936, 1942, 1952, 1966, 1984, 1995, 2008, 2025, 2032, 2048, 2054, 2062, 2070, 2076, 2082, 2111, 2119, 2127, 2139, 2169, 2185, 2190, 2196, 2199, 2205, 2212, 2215, 2228, 2256, 2273, 2287, 2302, 2310, 2317, 2331, 2345, 2367, 2382, 2389, 2403, 2418, 2426, 2440, 2448, 2462, 2471, 2484, 2499, 2506, 2520, 2543, 2556, 2564, 2579, 2587, 2600, 2614, 2623, 2637, 2660, 2674, 2681, 2695, 2717, 2733, 2739, 2748, 2754, 2769, 2776, 2784, 2798, 2812, 2827, 2834, 2841, 2871, 2878, 2885, 2892, 2899, 2915, 2929, 2937, 2944, 2951, 2958, 2974, 2987, 2994, 3004, 3010, 3025, 3031, 3046, 3061, 3068, 3083, 3090, 3097, 3104, 3119, 3126, 3142, 3149, 3163, 3178, 3185, 3200, 3207, 3220, 3227, 3241, 3250, 3263, 3271, 3279, 3295, 3307, 3310, 3324, 3338, 3345, 3348, 3360, 3366, 3381, 3395, 3410, 3416, 3424, 3427, 3440, 3455, 3462, 3470, 3477, 3492, 3498, 3513, 3528, 3535, 3551, 3557, 3563, 3571, 3586, 3593, 3608, 3615, 3630, 3645, 3655, 3659, 3667, 3675, 3688, 3703, 3716, 3734, 3740, 3747, 3753, 3776, 3784, 3790, 3800, 3805, 3811, 3820, 3833, 3836, 3850, 3856, 3863, 3880, 3893, 3901, 3908, 3922, 3928, 3951, 3972, 3981, 3988, 4008, 4015, 4021, 4025, 4036, 4068, 4083, 4091, 4097, 4106, 4127, 4141, 4154, 4183, 4199, 4205, 4215, 4228, 4242, 4250, 4257, 4273, 4279, 4287, 4302]

Confronto tra le Medie degli Array di Onset: 25.21130516431913

Media dei confronti tra onset (in frame) vicini 10: 3.7157190635451505
In percentuale con il fattore di vicinanza per la comparazione: 37.15719063545151%



-----------------------------------------------------------

Traccia numero 3: humpback

-----------------------------------------------------------
Numero di Onset di Librosa: 
4
Numero di Onset dell'Implementazione: 
53
Differenza in Percentuale: 
92.45283018867924%

Librosa: 
[3, 357, 853, 1694]
Implementazione: 
[76, 82, 87, 90, 101, 248, 260, 381, 387, 394, 408, 422, 591, 602, 675, 679, 685, 689, 699, 712, 841, 857, 954, 981, 1105, 1113, 1118, 1134, 1225, 1359, 1363, 1372, 1378, 1384, 1608, 1615, 1618, 1624, 1627, 1907, 1923, 1926, 1935, 2009, 2071, 2074, 2079, 2084, 2338, 2412, 2417, 2422, 2790]

Confronto tra le Medie degli Array di Onset: 460.62735849056594

Media dei confronti tra onset (in frame) vicini 10: 4.0
In percentuale con il fattore di vicinanza per la comparazione: 40.0%



-----------------------------------------------------------

Traccia numero 4: libri1

-----------------------------------------------------------
Numero di Onset di Librosa: 
71
Numero di Onset dell'Implementazione: 
51
Differenza in Percentuale: 
28.169014084507044%

Librosa: 
[14, 16, 22, 32, 43, 56, 60, 73, 81, 90, 95, 100, 109, 114, 125, 130, 146, 154, 162, 182, 208, 216, 221, 228, 242, 252, 259, 268, 273, 279, 292, 307, 312, 320, 326, 334, 342, 359, 368, 376, 383, 390, 402, 408, 421, 428, 444, 454, 461, 471, 478, 483, 488, 492, 501, 508, 517, 531, 537, 543, 549, 556, 566, 573, 578, 584, 597, 605, 610, 623, 638]
Implementazione: 
[14, 21, 30, 42, 45, 59, 67, 80, 89, 97, 113, 146, 153, 162, 179, 187, 207, 210, 221, 229, 239, 258, 267, 278, 292, 311, 330, 360, 375, 382, 389, 406, 443, 451, 457, 460, 468, 480, 490, 502, 518, 529, 537, 545, 555, 558, 565, 581, 590, 595, 607]

Confronto tra le Medie degli Array di Onset: 12.608671637669147

Media dei confronti tra onset (in frame) vicini 10: 3.5531914893617023
In percentuale con il fattore di vicinanza per la comparazione: 35.53191489361702%



-----------------------------------------------------------

Traccia numero 5: libri2

-----------------------------------------------------------
Numero di Onset di Librosa: 
66
Numero di Onset dell'Implementazione: 
58
Differenza in Percentuale: 
12.121212121212121%

Librosa: 
[11, 24, 31, 35, 41, 48, 60, 66, 83, 110, 128, 136, 141, 152, 173, 180, 185, 192, 199, 202, 234, 236, 240, 253, 263, 276, 279, 290, 296, 305, 314, 317, 327, 330, 335, 343, 357, 366, 376, 378, 391, 397, 428, 444, 453, 459, 475, 485, 522, 532, 541, 560, 586, 591, 600, 609, 622, 632, 634, 648, 654, 663, 678, 687, 692, 696]
Implementazione: 
[10, 14, 23, 33, 47, 50, 59, 68, 127, 139, 150, 163, 172, 183, 191, 197, 237, 250, 261, 264, 277, 289, 294, 304, 316, 320, 327, 333, 340, 353, 359, 365, 374, 386, 389, 399, 427, 433, 442, 452, 460, 474, 525, 530, 550, 553, 556, 559, 579, 591, 597, 621, 633, 653, 662, 677, 685, 695]

Confronto tra le Medie degli Array di Onset: 3.668756530825476

Media dei confronti tra onset (in frame) vicini 10: 2.98
In percentuale con il fattore di vicinanza per la comparazione: 29.799999999999997%



-----------------------------------------------------------

Traccia numero 6: libri3

-----------------------------------------------------------
Numero di Onset di Librosa: 
68
Numero di Onset dell'Implementazione: 
53
Differenza in Percentuale: 
22.058823529411764%

Librosa: 
[3, 22, 34, 39, 44, 54, 57, 64, 73, 81, 86, 92, 101, 107, 128, 134, 140, 151, 159, 164, 169, 176, 178, 185, 193, 202, 211, 217, 223, 234, 248, 256, 263, 272, 279, 285, 297, 304, 315, 321, 332, 339, 346, 364, 386, 392, 403, 414, 418, 424, 429, 437, 456, 462, 467, 469, 472, 484, 494, 506, 516, 525, 534, 542, 548, 559, 571, 581]
Implementazione: 
[21, 27, 32, 36, 43, 55, 63, 74, 80, 85, 98, 127, 133, 139, 154, 166, 176, 185, 191, 204, 209, 218, 222, 247, 253, 256, 271, 278, 283, 288, 297, 303, 310, 320, 330, 337, 345, 392, 401, 407, 426, 436, 455, 461, 467, 474, 483, 494, 514, 524, 539, 557, 569]

Confronto tra le Medie degli Array di Onset: 13.014150943396203

Media dei confronti tra onset (in frame) vicini 10: 3.88
In percentuale con il fattore di vicinanza per la comparazione: 38.800000000000004%



-----------------------------------------------------------

Traccia numero 7: nutcracker

-----------------------------------------------------------
Numero di Onset di Librosa: 
263
Numero di Onset dell'Implementazione: 
235
Differenza in Percentuale: 
10.646387832699618%

Librosa: 
[51, 74, 100, 123, 149, 172, 198, 220, 246, 270, 295, 319, 343, 367, 393, 415, 439, 461, 473, 485, 507, 531, 553, 577, 589, 600, 623, 635, 646, 669, 681, 692, 715, 727, 738, 751, 762, 810, 831, 856, 877, 900, 923, 946, 958, 969, 992, 1004, 1015, 1038, 1051, 1061, 1085, 1107, 1130, 1161, 1174, 1178, 1201, 1213, 1225, 1248, 1272, 1296, 1320, 1344, 1368, 1392, 1414, 1437, 1459, 1472, 1482, 1505, 1534, 1545, 1551, 1572, 1595, 1617, 1664, 1688, 1711, 1758, 1771, 1782, 1805, 1829, 1852, 1865, 1871, 1875, 1899, 1935, 1959, 1970, 1982, 2006, 2018, 2029, 2042, 2052, 2064, 2087, 2095, 2103, 2109, 2118, 2132, 2147, 2155, 2162, 2177, 2192, 2199, 2208, 2215, 2222, 2229, 2265, 2346, 2450, 2459, 2474, 2483, 2490, 2498, 2521, 2537, 2544, 2553, 2561, 2568, 2584, 2591, 2600, 2614, 2624, 2631, 2638, 2695, 2717, 2728, 2763, 2786, 2797, 2809, 2819, 2854, 2909, 2933, 2955, 2978, 3001, 3012, 3019, 3024, 3043, 3048, 3051, 3054, 3082, 3085, 3100, 3110, 3115, 3120, 3142, 3150, 3169, 3174, 3199, 3203, 3210, 3223, 3229, 3233, 3241, 3255, 3259, 3268, 3273, 3284, 3290, 3295, 3301, 3317, 3328, 3344, 3350, 3356, 3371, 3379, 3385, 3391, 3400, 3409, 3421, 3431, 3439, 3450, 3461, 3467, 3480, 3496, 3508, 3521, 3533, 3546, 3559, 3573, 3585, 3598, 3611, 3625, 3637, 3650, 3663, 3675, 3688, 3701, 3714, 3727, 3739, 3753, 3765, 3778, 3791, 3804, 3816, 3840, 3866, 3878, 3915, 3928, 3940, 3952, 3965, 3977, 3989, 4002, 4014, 4026, 4038, 4051, 4062, 4087, 4099, 4111, 4123, 4135, 4147, 4159, 4171, 4183, 4195, 4207, 4219, 4231, 4244, 4255, 4267, 4303]
Implementazione: 
[173, 507, 555, 577, 600, 623, 714, 738, 761, 768, 807, 830, 853, 876, 880, 884, 902, 922, 946, 959, 968, 992, 1014, 1038, 1051, 1061, 1084, 1106, 1130, 1177, 1200, 1224, 1247, 1271, 1295, 1320, 1343, 1367, 1391, 1414, 1436, 1458, 1481, 1504, 1513, 1539, 1572, 1595, 1616, 1619, 1630, 1663, 1666, 1687, 1711, 1718, 1758, 1765, 1770, 1778, 1783, 1790, 1804, 1807, 1812, 1817, 1824, 1829, 1838, 1845, 1851, 1854, 1876, 1887, 1898, 1902, 1912, 1922, 1948, 1969, 1976, 2016, 2041, 2063, 2086, 2109, 2133, 2149, 2163, 2176, 2192, 2201, 2207, 2216, 2221, 2229, 2239, 2265, 2277, 2287, 2290, 2296, 2335, 2379, 2404, 2410, 2425, 2449, 2465, 2473, 2506, 2522, 2531, 2543, 2546, 2561, 2569, 2574, 2585, 2591, 2607, 2614, 2636, 2639, 2652, 2660, 2683, 2705, 2727, 2730, 2742, 2774, 2817, 2820, 2830, 2835, 2842, 2909, 2923, 2940, 2945, 2951, 2955, 2967, 2975, 2980, 2985, 3000, 3011, 3015, 3042, 3060, 3068, 3073, 3076, 3092, 3096, 3103, 3123, 3129, 3132, 3153, 3161, 3189, 3192, 3215, 3223, 3247, 3273, 3276, 3307, 3333, 3336, 3341, 3362, 3378, 3381, 3390, 3442, 3448, 3475, 3508, 3521, 3532, 3546, 3560, 3572, 3611, 3624, 3636, 3639, 3688, 3701, 3713, 3716, 3727, 3740, 3754, 3779, 3792, 3815, 3843, 3877, 3915, 3926, 3939, 3952, 3964, 3989, 4001, 4013, 4024, 4037, 4049, 4061, 4073, 4086, 4098, 4110, 4124, 4127, 4135, 4148, 4158, 4171, 4178, 4185, 4206, 4230, 4233, 4245, 4254, 4266, 4270, 4303]

Confronto tra le Medie degli Array di Onset: 144.49627052827464

Media dei confronti tra onset (in frame) vicini 10: 2.3179190751445087
In percentuale con il fattore di vicinanza per la comparazione: 23.179190751445088%



-----------------------------------------------------------

Traccia numero 8: pistachio

-----------------------------------------------------------
Numero di Onset di Librosa: 
253
Numero di Onset dell'Implementazione: 
240
Differenza in Percentuale: 
5.138339920948617%

Librosa: 
[5, 17, 23, 33, 59, 76, 94, 105, 129, 148, 166, 175, 202, 220, 237, 255, 273, 292, 304, 309, 320, 345, 363, 381, 390, 416, 434, 452, 470, 487, 504, 521, 530, 559, 579, 596, 614, 632, 651, 671, 681, 698, 705, 723, 741, 751, 769, 776, 792, 811, 829, 848, 862, 866, 884, 895, 902, 911, 920, 928, 937, 951, 956, 965, 974, 982, 991, 1000, 1010, 1027, 1038, 1046, 1059, 1065, 1082, 1101, 1111, 1119, 1138, 1155, 1167, 1173, 1182, 1191, 1209, 1219, 1227, 1237, 1245, 1254, 1262, 1272, 1281, 1289, 1298, 1307, 1315, 1324, 1333, 1343, 1350, 1360, 1368, 1385, 1394, 1402, 1411, 1420, 1438, 1457, 1467, 1475, 1485, 1494, 1502, 1511, 1529, 1538, 1547, 1556, 1564, 1573, 1582, 1591, 1600, 1608, 1617, 1627, 1635, 1643, 1652, 1671, 1683, 1688, 1697, 1706, 1715, 1724, 1742, 1752, 1769, 1779, 1795, 1813, 1822, 1839, 1849, 1867, 1886, 1896, 1916, 1924, 1933, 1942, 1960, 1979, 1998, 2011, 2017, 2030, 2035, 2045, 2054, 2062, 2071, 2079, 2089, 2107, 2116, 2125, 2134, 2142, 2151, 2160, 2178, 2188, 2196, 2207, 2213, 2231, 2240, 2249, 2257, 2266, 2274, 2283, 2292, 2301, 2311, 2319, 2329, 2337, 2346, 2355, 2364, 2373, 2381, 2390, 2399, 2408, 2417, 2425, 2443, 2461, 2470, 2479, 2488, 2497, 2506, 2515, 2534, 2543, 2552, 2560, 2569, 2578, 2587, 2605, 2613, 2623, 2632, 2641, 2649, 2658, 2667, 2676, 2685, 2693, 2703, 2712, 2721, 2730, 2749, 2765, 2783, 2801, 2818, 2827, 2857, 2875, 2893, 2902, 2911, 2921, 2929, 2947, 2956, 2965, 2974, 2983, 3001, 3019, 3038]
Implementazione: 
[5, 16, 22, 32, 58, 75, 93, 104, 128, 147, 165, 174, 202, 219, 236, 254, 272, 291, 303, 307, 318, 344, 361, 380, 389, 415, 432, 450, 468, 485, 502, 519, 528, 558, 577, 595, 613, 650, 669, 679, 697, 704, 722, 739, 749, 768, 774, 791, 810, 828, 846, 865, 879, 883, 894, 901, 919, 927, 936, 956, 963, 972, 989, 1008, 1025, 1036, 1058, 1063, 1080, 1095, 1100, 1110, 1118, 1136, 1153, 1165, 1171, 1181, 1190, 1207, 1217, 1226, 1244, 1261, 1271, 1280, 1287, 1297, 1314, 1332, 1341, 1349, 1359, 1367, 1384, 1401, 1410, 1419, 1437, 1444, 1450, 1456, 1465, 1474, 1484, 1492, 1501, 1510, 1523, 1528, 1537, 1545, 1554, 1563, 1572, 1580, 1589, 1598, 1607, 1616, 1625, 1633, 1642, 1650, 1670, 1682, 1687, 1696, 1704, 1714, 1723, 1740, 1750, 1768, 1777, 1794, 1811, 1821, 1838, 1848, 1866, 1885, 1894, 1914, 1922, 1932, 1940, 1959, 1978, 1996, 2015, 2029, 2034, 2044, 2052, 2070, 2087, 2105, 2108, 2115, 2123, 2140, 2150, 2159, 2176, 2187, 2206, 2212, 2230, 2239, 2247, 2255, 2264, 2273, 2281, 2290, 2299, 2309, 2318, 2328, 2336, 2344, 2353, 2362, 2371, 2380, 2388, 2398, 2407, 2415, 2424, 2441, 2460, 2469, 2477, 2487, 2496, 2505, 2514, 2532, 2541, 2550, 2559, 2568, 2577, 2586, 2604, 2612, 2622, 2631, 2639, 2648, 2657, 2667, 2674, 2684, 2692, 2701, 2710, 2719, 2728, 2748, 2764, 2782, 2800, 2817, 2826, 2856, 2873, 2891, 2901, 2910, 2928, 2947, 2954, 2964, 2981, 3000, 3018, 3037]

Confronto tra le Medie degli Array di Onset: 0.5545454545454049

Media dei confronti tra onset (in frame) vicini 10: 2.278969957081545
In percentuale con il fattore di vicinanza per la comparazione: 22.789699570815454%



-----------------------------------------------------------

Traccia numero 9: robin

-----------------------------------------------------------
Numero di Onset di Librosa: 
13
Numero di Onset dell'Implementazione: 
12
Differenza in Percentuale: 
7.6923076923076925%

Librosa: 
[4, 8, 14, 22, 36, 39, 52, 57, 66, 72, 75, 82, 85]
Implementazione: 
[7, 10, 21, 24, 34, 47, 56, 59, 62, 70, 81, 84]

Confronto tra le Medie degli Array di Onset: 0.8269230769230802

Media dei confronti tra onset (in frame) vicini 10: 3.8181818181818183
In percentuale con il fattore di vicinanza per la comparazione: 38.18181818181819%



-----------------------------------------------------------

Traccia numero 10: sweetwaltz

-----------------------------------------------------------
Numero di Onset di Librosa: 
165
Numero di Onset dell'Implementazione: 
159
Differenza in Percentuale: 
3.6363636363636362%

Librosa: 
[18, 35, 53, 70, 87, 104, 122, 139, 156, 173, 191, 208, 225, 242, 259, 277, 294, 311, 328, 345, 363, 380, 397, 414, 432, 449, 466, 483, 501, 518, 535, 552, 569, 587, 604, 621, 638, 656, 673, 690, 707, 724, 742, 759, 776, 794, 811, 828, 845, 862, 880, 897, 914, 931, 948, 966, 983, 1000, 1018, 1035, 1052, 1069, 1086, 1104, 1121, 1138, 1155, 1173, 1190, 1207, 1224, 1241, 1259, 1276, 1293, 1310, 1327, 1337, 1345, 1354, 1362, 1379, 1389, 1396, 1406, 1414, 1423, 1431, 1440, 1448, 1457, 1465, 1475, 1483, 1492, 1500, 1509, 1517, 1526, 1534, 1544, 1551, 1561, 1569, 1578, 1586, 1595, 1603, 1612, 1620, 1629, 1637, 1647, 1655, 1664, 1672, 1681, 1689, 1699, 1706, 1716, 1724, 1733, 1741, 1750, 1758, 1767, 1775, 1785, 1793, 1802, 1810, 1819, 1827, 1836, 1844, 1854, 1861, 1871, 1879, 1888, 1896, 1905, 1913, 1922, 1930, 1940, 1948, 1957, 1965, 1974, 1982, 1991, 1999, 2009, 2017, 2026, 2034, 2043, 2051, 2060, 2069, 2078, 2086, 2095]
Implementazione: 
[17, 34, 51, 69, 86, 120, 138, 155, 172, 189, 207, 224, 241, 258, 276, 293, 310, 327, 344, 430, 464, 482, 499, 503, 517, 534, 550, 556, 561, 586, 595, 603, 610, 638, 647, 657, 663, 667, 678, 689, 701, 709, 741, 761, 771, 782, 792, 799, 809, 843, 855, 861, 866, 873, 879, 896, 902, 913, 922, 929, 937, 944, 948, 952, 960, 965, 969, 978, 982, 991, 999, 1016, 1022, 1032, 1040, 1051, 1056, 1068, 1080, 1085, 1102, 1119, 1127, 1135, 1155, 1158, 1165, 1172, 1181, 1189, 1205, 1213, 1223, 1235, 1257, 1261, 1268, 1275, 1285, 1292, 1309, 1326, 1333, 1344, 1355, 1361, 1364, 1371, 1378, 1386, 1395, 1401, 1412, 1430, 1447, 1464, 1481, 1498, 1516, 1522, 1530, 1533, 1550, 1567, 1575, 1584, 1592, 1600, 1609, 1616, 1620, 1632, 1636, 1648, 1654, 1663, 1670, 1688, 1705, 1722, 1739, 1757, 1774, 1791, 1809, 1826, 1843, 1860, 1878, 1895, 1912, 1929, 1946, 1964, 1981, 1998, 2015, 2033, 2050]

Confronto tra le Medie degli Array di Onset: 144.0507718696399

Media dei confronti tra onset (in frame) vicini 10: 3.8688524590163933
In percentuale con il fattore di vicinanza per la comparazione: 38.68852459016393%



-----------------------------------------------------------

Traccia numero 11: trumpet

-----------------------------------------------------------
Numero di Onset di Librosa: 
16
Numero di Onset dell'Implementazione: 
11
Differenza in Percentuale: 
31.25%

Librosa: 
[3, 10, 17, 26, 32, 40, 45, 48, 61, 72, 81, 88, 95, 102, 110, 130]
Implementazione: 
[9, 17, 24, 32, 39, 46, 59, 72, 86, 100, 110]

Confronto tra le Medie degli Array di Onset: 6.0

Media dei confronti tra onset (in frame) vicini 10: 5.1
In percentuale con il fattore di vicinanza per la comparazione: 51.0%



-----------------------------------------------------------

Traccia numero 12: vibeace

-----------------------------------------------------------
Numero di Onset di Librosa: 
284
Numero di Onset dell'Implementazione: 
205
Differenza in Percentuale: 
27.816901408450708%

Librosa: 
[4, 22, 47, 52, 72, 83, 102, 132, 142, 162, 181, 206, 211, 261, 286, 301, 320, 331, 337, 340, 348, 357, 368, 370, 377, 382, 396, 401, 411, 416, 420, 435, 445, 456, 460, 471, 476, 480, 499, 510, 515, 526, 529, 535, 540, 555, 560, 575, 579, 590, 608, 625, 635, 639, 649, 658, 673, 678, 683, 689, 698, 708, 713, 718, 728, 733, 737, 748, 752, 762, 767, 777, 788, 793, 798, 808, 817, 832, 837, 842, 844, 848, 857, 867, 872, 877, 892, 896, 907, 911, 921, 926, 936, 947, 952, 957, 967, 976, 991, 1001, 1007, 1016, 1026, 1031, 1036, 1051, 1055, 1066, 1070, 1081, 1085, 1095, 1106, 1111, 1116, 1126, 1135, 1150, 1160, 1162, 1166, 1175, 1185, 1190, 1195, 1205, 1210, 1214, 1225, 1229, 1240, 1244, 1254, 1265, 1270, 1275, 1285, 1294, 1309, 1319, 1321, 1325, 1334, 1344, 1349, 1354, 1373, 1384, 1389, 1399, 1403, 1413, 1424, 1429, 1434, 1444, 1453, 1468, 1478, 1484, 1493, 1503, 1508, 1513, 1532, 1543, 1548, 1558, 1562, 1572, 1583, 1588, 1593, 1603, 1612, 1627, 1632, 1638, 1643, 1652, 1662, 1667, 1672, 1691, 1702, 1707, 1717, 1721, 1731, 1747, 1752, 1762, 1771, 1786, 1797, 1802, 1811, 1821, 1826, 1831, 1850, 1861, 1865, 1871, 1880, 1890, 1906, 1911, 1921, 1930, 1945, 1955, 1960, 1965, 1970, 1975, 1980, 1990, 2000, 2005, 2010, 2020, 2025, 2035, 2045, 2050, 2060, 2069, 2089, 2104, 2114, 2119, 2124, 2129, 2139, 2149, 2159, 2164, 2169, 2179, 2184, 2194, 2204, 2209, 2214, 2219, 2228, 2248, 2263, 2273, 2278, 2288, 2298, 2308, 2318, 2323, 2328, 2338, 2343, 2353, 2363, 2368, 2373, 2378, 2388, 2398, 2407, 2422, 2432, 2437, 2447, 2457, 2467, 2477, 2482, 2487, 2497, 2502, 2512, 2522, 2527, 2537, 2547, 2566]
Implementazione: 
[21, 42, 71, 101, 111, 131, 151, 160, 180, 201, 209, 231, 260, 270, 290, 310, 320, 338, 359, 368, 380, 389, 410, 419, 429, 449, 459, 469, 479, 497, 519, 527, 539, 548, 569, 577, 588, 607, 618, 637, 657, 682, 689, 698, 707, 716, 731, 746, 753, 762, 776, 787, 796, 800, 816, 841, 846, 857, 866, 875, 890, 905, 921, 935, 946, 955, 959, 975, 1000, 1007, 1015, 1024, 1034, 1037, 1049, 1064, 1071, 1080, 1094, 1105, 1114, 1118, 1134, 1159, 1164, 1174, 1183, 1193, 1196, 1208, 1224, 1239, 1243, 1253, 1263, 1273, 1293, 1318, 1325, 1333, 1343, 1352, 1367, 1383, 1389, 1398, 1412, 1423, 1432, 1436, 1452, 1477, 1482, 1493, 1501, 1511, 1526, 1541, 1548, 1557, 1561, 1571, 1582, 1591, 1595, 1636, 1641, 1651, 1661, 1670, 1685, 1700, 1707, 1716, 1720, 1730, 1741, 1750, 1770, 1795, 1802, 1810, 1820, 1829, 1832, 1844, 1859, 1866, 1878, 1909, 1930, 1954, 1961, 1970, 1979, 1989, 2003, 2018, 2025, 2034, 2049, 2059, 2068, 2072, 2089, 2114, 2120, 2129, 2138, 2149, 2162, 2178, 2184, 2193, 2208, 2218, 2227, 2231, 2248, 2272, 2279, 2287, 2297, 2308, 2321, 2336, 2343, 2352, 2367, 2377, 2390, 2407, 2432, 2437, 2446, 2456, 2467, 2480, 2496, 2502, 2511, 2526, 2536, 2546, 2566]

Confronto tra le Medie degli Array di Onset: 7.375936104431503

Media dei confronti tra onset (in frame) vicini 10: 5.1393034825870645
In percentuale con il fattore di vicinanza per la comparazione: 51.39303482587064%
