


-----------------------------------------------------------

Traccia numero 0: brahms

-----------------------------------------------------------
Numero di Onset di Librosa: 
55
Numero di Onset dell'Implementazione: 
158
Differenza in Percentuale: 
65.18987341772153%

Librosa: 
[6, 13, 24, 42, 62, 80, 109, 116, 144, 160, 170, 205, 229, 266, 299, 317, 336, 354, 368, 378, 403, 436, 453, 470, 486, 498, 503, 540, 559, 609, 612, 630, 664, 680, 697, 727, 757, 789, 802, 832, 846, 858, 903, 915, 931, 956, 983, 1011, 1028, 1043, 1063, 1115, 1168, 1234, 1277]
Implementazione: 
[12, 15, 28, 34, 48, 53, 61, 66, 69, 72, 79, 84, 88, 97, 106, 112, 120, 125, 132, 138, 142, 154, 160, 168, 172, 178, 187, 195, 203, 209, 212, 218, 223, 228, 231, 240, 246, 256, 265, 273, 282, 285, 290, 298, 315, 328, 333, 343, 349, 353, 359, 362, 368, 375, 383, 394, 402, 418, 434, 451, 461, 468, 484, 501, 505, 519, 531, 537, 552, 557, 611, 614, 619, 623, 627, 631, 636, 640, 645, 652, 660, 667, 679, 686, 691, 696, 702, 712, 717, 722, 727, 732, 737, 742, 755, 760, 765, 770, 780, 785, 793, 800, 808, 815, 825, 829, 833, 839, 858, 867, 873, 879, 886, 891, 898, 903, 914, 922, 929, 938, 942, 949, 954, 961, 966, 982, 989, 997, 1011, 1014, 1021, 1027, 1035, 1043, 1051, 1057, 1061, 1071, 1135, 1142, 1150, 1167, 1176, 1181, 1188, 1193, 1198, 1203, 1211, 1233, 1240, 1245, 1248, 1253, 1260, 1278, 1283, 1289]

Confronto tra le Medie degli Array di Onset: 56.45765247410816

Media dei confronti tra onset (in frame) vicini 10: 4.811320754716981
In percentuale con il fattore di vicinanza per la comparazione: 48.11320754716981%



-----------------------------------------------------------

Traccia numero 1: choice

-----------------------------------------------------------
Numero di Onset di Librosa: 
98
Numero di Onset dell'Implementazione: 
79
Differenza in Percentuale: 
19.387755102040817%

Librosa: 
[3, 21, 26, 38, 40, 59, 68, 77, 88, 95, 105, 115, 135, 144, 153, 173, 183, 191, 211, 220, 230, 239, 248, 258, 267, 278, 287, 305, 325, 332, 343, 363, 372, 381, 392, 400, 411, 419, 439, 449, 457, 475, 477, 487, 495, 515, 524, 533, 542, 552, 558, 563, 571, 580, 590, 610, 621, 628, 636, 647, 667, 676, 685, 694, 705, 711, 720, 723, 743, 752, 760, 762, 779, 790, 799, 819, 828, 837, 847, 856, 867, 875, 895, 914, 922, 933, 941, 951, 971, 980, 989, 1000, 1008, 1019, 1027, 1046, 1057, 1065]
Implementazione: 
[26, 37, 67, 76, 86, 94, 97, 103, 106, 114, 124, 132, 144, 153, 173, 182, 189, 218, 238, 246, 257, 266, 303, 333, 342, 371, 380, 391, 400, 410, 418, 437, 447, 455, 485, 493, 522, 539, 544, 551, 557, 564, 570, 579, 590, 598, 608, 635, 646, 675, 684, 693, 703, 712, 718, 722, 740, 747, 751, 759, 788, 798, 826, 846, 855, 865, 874, 894, 912, 941, 950, 979, 988, 999, 1009, 1017, 1026, 1045, 1064]

Confronto tra le Medie degli Array di Onset: 6.219969000258402

Media dei confronti tra onset (in frame) vicini 10: 4.573333333333333
In percentuale con il fattore di vicinanza per la comparazione: 45.733333333333334%



-----------------------------------------------------------

Traccia numero 2: fishin

-----------------------------------------------------------
Numero di Onset di Librosa: 
109
Numero di Onset dell'Implementazione: 
130
Differenza in Percentuale: 
16.153846153846153%

Librosa: 
[10, 19, 25, 34, 48, 55, 70, 78, 83, 91, 106, 113, 121, 128, 142, 164, 171, 179, 186, 201, 208, 222, 230, 238, 245, 258, 267, 280, 287, 303, 316, 324, 339, 347, 375, 397, 405, 420, 434, 442, 457, 464, 478, 507, 522, 528, 557, 581, 587, 594, 610, 616, 625, 638, 652, 666, 710, 726, 735, 749, 756, 771, 785, 806, 815, 829, 843, 865, 873, 887, 895, 903, 910, 924, 938, 945, 960, 974, 982, 989, 1000, 1009, 1018, 1025, 1038, 1048, 1054, 1062, 1069, 1078, 1086, 1092, 1098, 1118, 1134, 1140, 1149, 1178, 1187, 1194, 1201, 1215, 1223, 1238, 1246, 1252, 1260, 1274, 1282]
Implementazione: 
[9, 15, 18, 25, 31, 47, 54, 68, 77, 90, 105, 112, 118, 126, 142, 148, 170, 178, 184, 207, 221, 228, 243, 257, 265, 280, 287, 301, 317, 323, 339, 345, 352, 359, 381, 403, 418, 433, 440, 462, 468, 476, 483, 490, 498, 505, 514, 528, 534, 542, 548, 556, 563, 572, 577, 592, 601, 604, 611, 621, 637, 650, 657, 664, 672, 676, 679, 682, 695, 707, 710, 722, 729, 732, 748, 754, 769, 790, 806, 812, 827, 842, 849, 864, 871, 885, 901, 908, 922, 929, 936, 942, 958, 967, 973, 980, 989, 1001, 1009, 1015, 1022, 1030, 1037, 1041, 1046, 1061, 1074, 1090, 1102, 1110, 1117, 1125, 1128, 1131, 1136, 1144, 1149, 1162, 1177, 1184, 1192, 1199, 1214, 1221, 1236, 1244, 1251, 1258, 1273, 1279]

Confronto tra le Medie degli Array di Onset: 16.128934368383852

Media dei confronti tra onset (in frame) vicini 10: 3.69
In percentuale con il fattore di vicinanza per la comparazione: 36.9%



-----------------------------------------------------------

Traccia numero 3: humpback

-----------------------------------------------------------
Numero di Onset di Librosa: 
3
Numero di Onset dell'Implementazione: 
34
Differenza in Percentuale: 
91.17647058823529%

Librosa: 
[3, 357, 853]
Implementazione: 
[76, 82, 87, 90, 101, 200, 216, 248, 260, 381, 387, 394, 408, 422, 591, 602, 675, 679, 685, 689, 699, 712, 819, 841, 857, 954, 981, 1094, 1098, 1105, 1113, 1118, 1134, 1225]

Confronto tra le Medie degli Array di Onset: 213.99019607843144

Media dei confronti tra onset (in frame) vicini 10: 10
In percentuale con il fattore di vicinanza per la comparazione: 100.0%



-----------------------------------------------------------

Traccia numero 4: libri1

-----------------------------------------------------------
Numero di Onset di Librosa: 
71
Numero di Onset dell'Implementazione: 
51
Differenza in Percentuale: 
28.169014084507044%

Librosa: 
[14, 16, 22, 32, 43, 56, 60, 73, 81, 90, 95, 100, 109, 114, 125, 130, 146, 154, 162, 182, 208, 216, 221, 228, 242, 252, 259, 268, 273, 279, 292, 307, 312, 320, 326, 334, 342, 359, 368, 376, 383, 390, 402, 408, 421, 428, 444, 454, 461, 471, 478, 483, 488, 492, 501, 508, 517, 531, 537, 543, 549, 556, 566, 573, 578, 584, 597, 605, 610, 623, 638]
Implementazione: 
[14, 21, 30, 42, 45, 59, 67, 80, 89, 97, 113, 146, 153, 162, 179, 187, 207, 210, 221, 229, 239, 258, 267, 278, 292, 311, 330, 360, 375, 382, 389, 406, 443, 451, 457, 460, 468, 480, 490, 502, 518, 529, 537, 545, 555, 558, 565, 581, 590, 595, 607]

Confronto tra le Medie degli Array di Onset: 12.608671637669147

Media dei confronti tra onset (in frame) vicini 10: 3.5531914893617023
In percentuale con il fattore di vicinanza per la comparazione: 35.53191489361702%



-----------------------------------------------------------

Traccia numero 5: libri2

-----------------------------------------------------------
Numero di Onset di Librosa: 
66
Numero di Onset dell'Implementazione: 
58
Differenza in Percentuale: 
12.121212121212121%

Librosa: 
[11, 24, 31, 35, 41, 48, 60, 66, 83, 110, 128, 136, 141, 152, 173, 180, 185, 192, 199, 202, 234, 236, 240, 253, 263, 276, 279, 290, 296, 305, 314, 317, 327, 330, 335, 343, 357, 366, 376, 378, 391, 397, 428, 444, 453, 459, 475, 485, 522, 532, 541, 560, 586, 591, 600, 609, 622, 632, 634, 648, 654, 663, 678, 687, 692, 696]
Implementazione: 
[10, 14, 23, 33, 47, 50, 59, 68, 127, 139, 150, 163, 172, 183, 191, 197, 237, 250, 261, 264, 277, 289, 294, 304, 316, 320, 327, 333, 340, 353, 359, 365, 374, 386, 389, 399, 427, 433, 442, 452, 460, 474, 525, 530, 550, 553, 556, 559, 579, 591, 597, 621, 633, 653, 662, 677, 685, 695]

Confronto tra le Medie degli Array di Onset: 3.668756530825476

Media dei confronti tra onset (in frame) vicini 10: 2.98
In percentuale con il fattore di vicinanza per la comparazione: 29.799999999999997%



-----------------------------------------------------------

Traccia numero 6: libri3

-----------------------------------------------------------
Numero di Onset di Librosa: 
68
Numero di Onset dell'Implementazione: 
53
Differenza in Percentuale: 
22.058823529411764%

Librosa: 
[3, 22, 34, 39, 44, 54, 57, 64, 73, 81, 86, 92, 101, 107, 128, 134, 140, 151, 159, 164, 169, 176, 178, 185, 193, 202, 211, 217, 223, 234, 248, 256, 263, 272, 279, 285, 297, 304, 315, 321, 332, 339, 346, 364, 386, 392, 403, 414, 418, 424, 429, 437, 456, 462, 467, 469, 472, 484, 494, 506, 516, 525, 534, 542, 548, 559, 571, 581]
Implementazione: 
[21, 27, 32, 36, 43, 55, 63, 74, 80, 85, 98, 127, 133, 139, 154, 166, 176, 185, 191, 204, 209, 218, 222, 247, 253, 256, 271, 278, 283, 288, 297, 303, 310, 320, 330, 337, 345, 392, 401, 407, 426, 436, 455, 461, 467, 474, 483, 494, 514, 524, 539, 557, 569]

Confronto tra le Medie degli Array di Onset: 13.014150943396203

Media dei confronti tra onset (in frame) vicini 10: 3.88
In percentuale con il fattore di vicinanza per la comparazione: 38.800000000000004%



-----------------------------------------------------------

Traccia numero 7: nutcracker

-----------------------------------------------------------
Numero di Onset di Librosa: 
63
Numero di Onset dell'Implementazione: 
81
Differenza in Percentuale: 
22.22222222222222%

Librosa: 
[51, 74, 100, 123, 149, 172, 198, 220, 246, 270, 295, 319, 343, 367, 393, 415, 439, 461, 473, 485, 507, 531, 553, 577, 589, 600, 623, 635, 646, 669, 681, 692, 715, 727, 738, 751, 762, 810, 831, 856, 877, 900, 923, 946, 958, 969, 992, 1004, 1015, 1038, 1051, 1061, 1085, 1107, 1130, 1161, 1174, 1178, 1201, 1213, 1225, 1248, 1272]
Implementazione: 
[50, 99, 123, 149, 171, 197, 220, 245, 294, 319, 343, 367, 392, 416, 438, 461, 473, 484, 506, 515, 530, 553, 577, 589, 600, 622, 625, 635, 646, 668, 694, 714, 721, 727, 737, 752, 760, 768, 792, 799, 807, 813, 817, 829, 838, 843, 853, 867, 875, 880, 884, 891, 900, 922, 932, 945, 958, 968, 991, 1000, 1008, 1014, 1021, 1037, 1051, 1060, 1083, 1106, 1121, 1130, 1159, 1172, 1177, 1184, 1199, 1212, 1219, 1224, 1246, 1249, 1271]

Confronto tra le Medie degli Array di Onset: 64.13227513227514

Media dei confronti tra onset (in frame) vicini 10: 1.5423728813559323
In percentuale con il fattore di vicinanza per la comparazione: 15.423728813559324%



-----------------------------------------------------------

Traccia numero 8: pistachio

-----------------------------------------------------------
Numero di Onset di Librosa: 
94
Numero di Onset dell'Implementazione: 
93
Differenza in Percentuale: 
1.0638297872340425%

Librosa: 
[5, 17, 23, 33, 59, 76, 94, 105, 129, 148, 166, 175, 202, 220, 237, 255, 273, 292, 304, 309, 320, 345, 363, 381, 390, 416, 434, 452, 470, 487, 504, 521, 530, 559, 579, 596, 614, 632, 651, 671, 681, 698, 705, 723, 741, 751, 769, 776, 792, 811, 829, 848, 862, 866, 884, 895, 902, 911, 920, 928, 937, 951, 956, 965, 974, 982, 991, 1000, 1010, 1027, 1038, 1046, 1059, 1065, 1082, 1101, 1111, 1119, 1138, 1155, 1167, 1173, 1182, 1191, 1209, 1219, 1227, 1237, 1245, 1254, 1262, 1272, 1281, 1289]
Implementazione: 
[5, 16, 22, 32, 58, 75, 93, 104, 128, 146, 165, 174, 201, 219, 236, 254, 272, 291, 303, 307, 318, 344, 361, 380, 389, 415, 432, 450, 468, 485, 502, 519, 528, 557, 577, 595, 613, 631, 650, 669, 679, 697, 704, 722, 739, 749, 768, 774, 791, 810, 828, 846, 865, 879, 883, 893, 901, 919, 927, 936, 950, 954, 963, 972, 989, 1008, 1025, 1036, 1046, 1058, 1063, 1080, 1095, 1100, 1109, 1118, 1136, 1153, 1165, 1171, 1180, 1189, 1197, 1203, 1207, 1217, 1226, 1244, 1253, 1261, 1270, 1279, 1287]

Confronto tra le Medie degli Array di Onset: 0.3294440631434554

Media dei confronti tra onset (in frame) vicini 10: 2.2954545454545454
In percentuale con il fattore di vicinanza per la comparazione: 22.954545454545457%



-----------------------------------------------------------

Traccia numero 9: robin

-----------------------------------------------------------
Numero di Onset di Librosa: 
13
Numero di Onset dell'Implementazione: 
12
Differenza in Percentuale: 
7.6923076923076925%

Librosa: 
[4, 8, 14, 22, 36, 39, 52, 57, 66, 72, 75, 82, 85]
Implementazione: 
[7, 10, 21, 24, 34, 47, 56, 59, 62, 70, 81, 84]

Confronto tra le Medie degli Array di Onset: 0.8269230769230802

Media dei confronti tra onset (in frame) vicini 10: 3.8181818181818183
In percentuale con il fattore di vicinanza per la comparazione: 38.18181818181819%



-----------------------------------------------------------

Traccia numero 10: sweetwaltz

-----------------------------------------------------------
Numero di Onset di Librosa: 
74
Numero di Onset dell'Implementazione: 
107
Differenza in Percentuale: 
30.8411214953271%

Librosa: 
[18, 35, 53, 70, 87, 104, 122, 139, 156, 173, 191, 208, 225, 242, 259, 277, 294, 311, 328, 345, 363, 380, 397, 414, 432, 449, 466, 483, 501, 518, 535, 552, 569, 587, 604, 621, 638, 656, 673, 690, 707, 724, 742, 759, 776, 794, 811, 828, 845, 862, 880, 897, 914, 931, 948, 966, 983, 1000, 1017, 1035, 1052, 1069, 1086, 1103, 1121, 1138, 1155, 1173, 1190, 1207, 1224, 1241, 1258, 1276]
Implementazione: 
[17, 34, 51, 69, 86, 120, 138, 155, 172, 189, 206, 224, 241, 258, 275, 293, 310, 327, 344, 430, 445, 464, 482, 491, 499, 503, 516, 534, 550, 556, 561, 586, 595, 603, 610, 638, 647, 657, 663, 667, 678, 689, 701, 709, 741, 758, 761, 771, 782, 792, 799, 809, 827, 843, 855, 861, 866, 873, 879, 896, 902, 913, 922, 929, 937, 944, 948, 952, 960, 965, 969, 978, 982, 991, 999, 1016, 1022, 1031, 1034, 1040, 1051, 1056, 1068, 1079, 1085, 1094, 1102, 1119, 1127, 1135, 1155, 1158, 1165, 1171, 1181, 1188, 1198, 1205, 1213, 1223, 1235, 1241, 1257, 1261, 1268, 1275, 1285]

Confronto tra le Medie degli Array di Onset: 120.53687799949489

Media dei confronti tra onset (in frame) vicini 10: 3.106060606060606
In percentuale con il fattore di vicinanza per la comparazione: 31.060606060606062%



-----------------------------------------------------------

Traccia numero 11: trumpet

-----------------------------------------------------------
Numero di Onset di Librosa: 
16
Numero di Onset dell'Implementazione: 
11
Differenza in Percentuale: 
31.25%

Librosa: 
[3, 10, 17, 26, 32, 40, 45, 48, 61, 72, 81, 88, 95, 102, 110, 130]
Implementazione: 
[9, 17, 24, 32, 39, 46, 59, 72, 86, 100, 110]

Confronto tra le Medie degli Array di Onset: 6.0

Media dei confronti tra onset (in frame) vicini 10: 5.1
In percentuale con il fattore di vicinanza per la comparazione: 51.0%



-----------------------------------------------------------

Traccia numero 12: vibeace

-----------------------------------------------------------
Numero di Onset di Librosa: 
137
Numero di Onset dell'Implementazione: 
107
Differenza in Percentuale: 
21.897810218978105%

Librosa: 
[4, 22, 47, 52, 72, 83, 102, 132, 142, 162, 181, 206, 211, 261, 286, 301, 320, 331, 337, 340, 348, 357, 368, 370, 377, 382, 396, 401, 411, 416, 420, 435, 445, 456, 460, 471, 476, 480, 499, 510, 515, 526, 529, 535, 540, 555, 560, 575, 579, 590, 608, 625, 635, 639, 649, 658, 673, 678, 683, 689, 698, 708, 713, 718, 728, 733, 737, 748, 752, 762, 767, 777, 788, 793, 798, 808, 817, 832, 837, 842, 844, 848, 856, 867, 872, 877, 892, 896, 907, 911, 921, 926, 936, 947, 952, 957, 967, 976, 991, 1001, 1007, 1016, 1026, 1031, 1036, 1051, 1055, 1066, 1070, 1081, 1085, 1095, 1106, 1111, 1116, 1126, 1135, 1150, 1160, 1162, 1166, 1175, 1185, 1190, 1195, 1205, 1210, 1214, 1225, 1229, 1240, 1244, 1254, 1265, 1270, 1275, 1285]
Implementazione: 
[21, 42, 51, 71, 92, 101, 111, 131, 141, 151, 160, 179, 201, 209, 231, 251, 260, 270, 290, 299, 302, 310, 320, 338, 359, 368, 380, 389, 410, 419, 424, 429, 449, 458, 469, 479, 497, 519, 527, 539, 548, 569, 577, 588, 607, 618, 637, 657, 682, 687, 698, 707, 716, 731, 746, 752, 762, 776, 786, 796, 800, 816, 841, 846, 857, 865, 875, 890, 905, 911, 921, 935, 945, 955, 959, 975, 1000, 1007, 1015, 1024, 1034, 1037, 1042, 1049, 1064, 1070, 1080, 1094, 1104, 1113, 1118, 1134, 1159, 1164, 1174, 1183, 1193, 1196, 1201, 1208, 1223, 1230, 1239, 1243, 1253, 1263, 1273]

Confronto tra le Medie degli Array di Onset: 33.49962480387478

Media dei confronti tra onset (in frame) vicini 10: 5.606060606060606
In percentuale con il fattore di vicinanza per la comparazione: 56.06060606060607%
