


-----------------------------------------------------------

Traccia numero 0: brahms

-----------------------------------------------------------
Numero di Onset di Librosa: 
42
Numero di Onset dell'Implementazione: 
96
Differenza in Percentuale: 
56.25%

Librosa: 
[6, 13, 24, 42, 62, 80, 109, 116, 144, 160, 170, 205, 229, 266, 299, 317, 336, 354, 368, 378, 403, 436, 453, 470, 486, 498, 503, 540, 559, 609, 612, 630, 664, 680, 697, 727, 757, 789, 802, 832, 846, 858]
Implementazione: 
[13, 14, 15, 29, 35, 36, 49, 50, 54, 55, 61, 66, 70, 72, 76, 89, 98, 107, 125, 126, 133, 142, 161, 162, 173, 179, 187, 189, 197, 204, 218, 219, 229, 230, 231, 247, 248, 263, 278, 299, 315, 316, 329, 334, 359, 362, 369, 403, 435, 452, 453, 461, 469, 470, 484, 485, 501, 502, 505, 515, 520, 521, 537, 538, 539, 553, 558, 559, 611, 613, 614, 624, 627, 631, 637, 640, 653, 675, 680, 686, 692, 697, 704, 713, 733, 737, 756, 760, 771, 780, 786, 787, 801, 808, 826, 859]

Confronto tra le Medie degli Array di Onset: 19.71130952380952

Media dei confronti tra onset (in frame) vicini8: 3.1621621621621623
In percentuale con il fattore di vicinanza per la comparazione: 39.52702702702703%



-----------------------------------------------------------

Traccia numero 1: choice

-----------------------------------------------------------
Numero di Onset di Librosa: 
80
Numero di Onset dell'Implementazione: 
57
Differenza in Percentuale: 
28.749999999999996%

Librosa: 
[3, 21, 26, 38, 40, 59, 68, 77, 88, 95, 105, 115, 135, 144, 153, 173, 183, 191, 211, 220, 230, 239, 248, 258, 267, 278, 287, 305, 325, 332, 343, 363, 372, 381, 392, 400, 411, 419, 439, 449, 457, 475, 477, 487, 495, 515, 524, 533, 542, 552, 558, 563, 571, 580, 590, 610, 621, 628, 636, 647, 667, 676, 685, 694, 705, 711, 720, 723, 743, 752, 760, 762, 779, 790, 799, 819, 828, 837, 847, 856]
Implementazione: 
[27, 39, 67, 77, 86, 87, 94, 103, 115, 173, 183, 190, 219, 238, 239, 247, 248, 258, 267, 304, 305, 331, 334, 343, 380, 381, 392, 398, 419, 444, 457, 486, 493, 495, 523, 539, 557, 571, 579, 580, 595, 635, 636, 647, 675, 685, 693, 694, 722, 723, 760, 761, 788, 799, 827, 847, 856]

Confronto tra le Medie degli Array di Onset: 6.940570175438552

Media dei confronti tra onset (in frame) vicini8: 1.4583333333333333
In percentuale con il fattore di vicinanza per la comparazione: 18.229166666666664%



-----------------------------------------------------------

Traccia numero 2: fishin

-----------------------------------------------------------
Numero di Onset di Librosa: 
66
Numero di Onset dell'Implementazione: 
63
Differenza in Percentuale: 
4.545454545454546%

Librosa: 
[10, 19, 25, 34, 48, 55, 70, 78, 83, 91, 106, 113, 121, 142, 164, 171, 179, 186, 201, 208, 222, 230, 238, 245, 258, 267, 280, 287, 303, 316, 324, 339, 347, 375, 397, 405, 420, 434, 442, 457, 464, 478, 507, 522, 528, 557, 581, 587, 594, 610, 616, 625, 638, 652, 666, 710, 726, 735, 749, 756, 771, 785, 806, 815, 829, 843]
Implementazione: 
[9, 10, 25, 32, 48, 54, 55, 61, 69, 106, 113, 126, 127, 135, 171, 178, 184, 186, 208, 222, 244, 265, 266, 281, 288, 346, 359, 360, 361, 382, 387, 397, 404, 419, 425, 433, 441, 454, 463, 477, 506, 529, 549, 557, 564, 565, 592, 593, 623, 640, 658, 677, 682, 696, 707, 711, 723, 755, 770, 791, 806, 828, 842]

Confronto tra le Medie degli Array di Onset: 4.278499278499282

Media dei confronti tra onset (in frame) vicini8: 3.0869565217391304
In percentuale con il fattore di vicinanza per la comparazione: 38.58695652173913%



-----------------------------------------------------------

Traccia numero 3: humpback

-----------------------------------------------------------
Numero di Onset di Librosa: 
3
Numero di Onset dell'Implementazione: 
31
Differenza in Percentuale: 
90.32258064516128%

Librosa: 
[3, 357, 853]
Implementazione: 
[75, 76, 78, 82, 83, 200, 216, 225, 249, 259, 260, 381, 382, 383, 389, 394, 578, 591, 592, 602, 676, 679, 686, 689, 700, 714, 808, 835, 841, 842, 858]

Confronto tra le Medie degli Array di Onset: 60.92473118279571

Media dei confronti tra onset (in frame) vicini8: 8
In percentuale con il fattore di vicinanza per la comparazione: 100.0%



-----------------------------------------------------------

Traccia numero 4: libri1

-----------------------------------------------------------
Numero di Onset di Librosa: 
71
Numero di Onset dell'Implementazione: 
63
Differenza in Percentuale: 
11.267605633802818%

Librosa: 
[14, 16, 22, 32, 43, 56, 60, 73, 81, 90, 95, 100, 109, 114, 125, 130, 146, 154, 162, 182, 208, 216, 221, 228, 242, 252, 259, 268, 273, 279, 292, 307, 312, 320, 326, 334, 342, 359, 368, 376, 383, 390, 402, 408, 421, 428, 444, 454, 461, 471, 478, 483, 488, 492, 501, 508, 517, 531, 537, 543, 549, 556, 566, 573, 578, 584, 597, 605, 610, 623, 638]
Implementazione: 
[15, 16, 21, 22, 31, 42, 46, 60, 61, 68, 81, 89, 90, 114, 146, 147, 153, 154, 163, 180, 187, 188, 189, 207, 208, 209, 210, 222, 227, 230, 258, 259, 268, 278, 279, 290, 293, 312, 315, 358, 361, 382, 383, 406, 407, 443, 444, 458, 460, 461, 469, 470, 481, 502, 503, 519, 537, 557, 558, 566, 567, 595, 608]

Confronto tra le Medie degli Array di Onset: 46.74312541918175

Media dei confronti tra onset (in frame) vicini8: 2.5319148936170213
In percentuale con il fattore di vicinanza per la comparazione: 31.648936170212767%



-----------------------------------------------------------

Traccia numero 5: libri2

-----------------------------------------------------------
Numero di Onset di Librosa: 
66
Numero di Onset dell'Implementazione: 
79
Differenza in Percentuale: 
16.455696202531644%

Librosa: 
[11, 24, 31, 35, 41, 48, 60, 66, 83, 110, 128, 136, 141, 152, 173, 180, 185, 192, 199, 202, 234, 236, 240, 253, 263, 276, 279, 290, 296, 305, 314, 317, 327, 330, 335, 343, 357, 366, 376, 378, 391, 397, 428, 444, 453, 459, 475, 485, 522, 532, 541, 560, 586, 591, 600, 609, 622, 632, 634, 648, 654, 663, 678, 687, 692, 696]
Implementazione: 
[10, 11, 14, 15, 17, 24, 34, 47, 48, 50, 60, 69, 128, 129, 140, 151, 164, 172, 173, 183, 184, 192, 197, 198, 238, 239, 246, 251, 252, 262, 264, 275, 278, 290, 295, 304, 328, 334, 341, 353, 354, 366, 375, 376, 377, 386, 387, 388, 389, 400, 427, 428, 433, 434, 435, 453, 461, 475, 525, 526, 531, 546, 553, 555, 559, 578, 579, 580, 597, 598, 599, 621, 622, 634, 644, 654, 685, 686, 695]

Confronto tra le Medie degli Array di Onset: 8.209244342155785

Media dei confronti tra onset (in frame) vicini8: 2.7777777777777777
In percentuale con il fattore di vicinanza per la comparazione: 34.72222222222222%



-----------------------------------------------------------

Traccia numero 6: libri3

-----------------------------------------------------------
Numero di Onset di Librosa: 
68
Numero di Onset dell'Implementazione: 
71
Differenza in Percentuale: 
4.225352112676056%

Librosa: 
[3, 22, 34, 39, 44, 54, 57, 64, 73, 81, 86, 92, 101, 107, 128, 134, 140, 151, 159, 164, 169, 176, 178, 185, 193, 202, 211, 217, 223, 234, 248, 256, 263, 272, 279, 285, 297, 304, 315, 321, 332, 339, 346, 364, 386, 392, 403, 414, 418, 424, 429, 437, 456, 462, 467, 469, 472, 484, 494, 506, 516, 525, 534, 542, 548, 559, 571, 581]
Implementazione: 
[21, 22, 33, 36, 56, 57, 63, 64, 65, 74, 75, 80, 81, 85, 98, 127, 128, 140, 155, 156, 167, 168, 186, 191, 202, 205, 206, 219, 222, 248, 256, 258, 271, 278, 279, 280, 283, 288, 298, 303, 304, 310, 321, 331, 338, 345, 393, 394, 402, 408, 409, 416, 427, 428, 436, 456, 461, 468, 484, 494, 495, 515, 516, 524, 527, 540, 541, 557, 558, 569, 570]

Confronto tra le Medie degli Array di Onset: 1.0246478873239653

Media dei confronti tra onset (in frame) vicini8: 2.2982456140350878
In percentuale con il fattore di vicinanza per la comparazione: 28.728070175438596%



-----------------------------------------------------------

Traccia numero 7: nutcracker

-----------------------------------------------------------
Numero di Onset di Librosa: 
40
Numero di Onset dell'Implementazione: 
71
Differenza in Percentuale: 
43.66197183098591%

Librosa: 
[51, 74, 100, 123, 149, 172, 198, 220, 246, 270, 295, 319, 343, 367, 393, 415, 439, 461, 473, 485, 507, 531, 553, 577, 589, 600, 623, 635, 646, 669, 681, 692, 715, 727, 738, 751, 762, 810, 831, 856]
Implementazione: 
[50, 51, 74, 99, 100, 123, 148, 149, 172, 173, 197, 199, 222, 245, 246, 247, 270, 294, 295, 319, 343, 345, 367, 368, 392, 393, 415, 416, 419, 438, 439, 462, 473, 475, 480, 485, 507, 508, 509, 531, 533, 555, 579, 590, 591, 602, 623, 624, 637, 638, 668, 671, 684, 692, 694, 714, 715, 722, 728, 738, 757, 786, 792, 794, 808, 830, 831, 844, 852, 853, 854]

Confronto tra le Medie degli Array di Onset: 7.878169014084506

Media dei confronti tra onset (in frame) vicini8: 1.1891891891891893
In percentuale con il fattore di vicinanza per la comparazione: 14.864864864864865%



-----------------------------------------------------------

Traccia numero 8: pistachio

-----------------------------------------------------------
Numero di Onset di Librosa: 
52
Numero di Onset dell'Implementazione: 
65
Differenza in Percentuale: 
20.0%

Librosa: 
[5, 17, 23, 33, 59, 76, 94, 105, 129, 148, 166, 175, 202, 220, 237, 255, 273, 292, 304, 309, 320, 345, 363, 381, 390, 416, 434, 452, 470, 487, 504, 521, 530, 559, 579, 596, 614, 632, 651, 671, 681, 698, 705, 723, 741, 751, 769, 776, 792, 811, 829, 848]
Implementazione: 
[5, 6, 17, 22, 59, 75, 76, 77, 95, 104, 105, 129, 147, 165, 166, 175, 201, 202, 203, 219, 255, 273, 292, 303, 308, 319, 345, 362, 375, 380, 387, 391, 416, 433, 451, 469, 470, 485, 486, 503, 520, 558, 559, 578, 614, 631, 632, 650, 651, 669, 670, 679, 680, 698, 722, 740, 750, 768, 769, 775, 791, 792, 810, 829, 847]

Confronto tra le Medie degli Array di Onset: 5.665384615384596

Media dei confronti tra onset (in frame) vicini8: 1.065217391304348
In percentuale con il fattore di vicinanza per la comparazione: 13.31521739130435%



-----------------------------------------------------------

Traccia numero 9: robin

-----------------------------------------------------------
Numero di Onset di Librosa: 
13
Numero di Onset dell'Implementazione: 
14
Differenza in Percentuale: 
7.142857142857142%

Librosa: 
[4, 8, 14, 22, 36, 39, 52, 57, 66, 72, 75, 82, 85]
Implementazione: 
[8, 9, 10, 21, 22, 24, 36, 57, 58, 59, 63, 71, 72, 85]

Confronto tra le Medie degli Array di Onset: 4.57692307692308

Media dei confronti tra onset (in frame) vicini8: 2.7
In percentuale con il fattore di vicinanza per la comparazione: 33.75%



-----------------------------------------------------------

Traccia numero 10: sweetwaltz

-----------------------------------------------------------
Numero di Onset di Librosa: 
49
Numero di Onset dell'Implementazione: 
72
Differenza in Percentuale: 
31.944444444444443%

Librosa: 
[18, 35, 53, 70, 87, 104, 122, 139, 156, 173, 190, 208, 225, 242, 259, 277, 294, 311, 328, 345, 363, 380, 397, 414, 432, 449, 466, 483, 501, 518, 535, 552, 569, 587, 604, 621, 638, 656, 673, 690, 707, 724, 742, 759, 776, 794, 811, 828, 845]
Implementazione: 
[17, 18, 35, 52, 87, 104, 121, 156, 172, 173, 190, 207, 242, 259, 276, 310, 327, 328, 343, 362, 431, 445, 464, 465, 482, 483, 500, 515, 516, 517, 534, 545, 550, 552, 557, 561, 562, 581, 592, 596, 611, 618, 626, 634, 638, 639, 640, 647, 648, 653, 668, 678, 690, 692, 723, 746, 751, 754, 762, 771, 781, 783, 793, 794, 799, 800, 817, 818, 843, 844, 845, 855]

Confronto tra le Medie degli Array di Onset: 90.42290249433103

Media dei confronti tra onset (in frame) vicini8: 2.2564102564102564
In percentuale con il fattore di vicinanza per la comparazione: 28.205128205128204%



-----------------------------------------------------------

Traccia numero 11: trumpet

-----------------------------------------------------------
Numero di Onset di Librosa: 
16
Numero di Onset dell'Implementazione: 
11
Differenza in Percentuale: 
31.25%

Librosa: 
[3, 10, 17, 26, 32, 40, 45, 48, 61, 72, 81, 88, 95, 102, 110, 130]
Implementazione: 
[7, 10, 47, 60, 72, 73, 74, 87, 88, 102, 112]

Confronto tra le Medie degli Array di Onset: 6.545454545454547

Media dei confronti tra onset (in frame) vicini8: 3.0
In percentuale con il fattore di vicinanza per la comparazione: 37.5%



-----------------------------------------------------------

Traccia numero 12: vibeace

-----------------------------------------------------------
Numero di Onset di Librosa: 
82
Numero di Onset dell'Implementazione: 
67
Differenza in Percentuale: 
18.29268292682927%

Librosa: 
[4, 22, 47, 52, 72, 83, 102, 132, 142, 162, 181, 206, 211, 261, 286, 301, 320, 331, 337, 340, 348, 357, 368, 370, 377, 382, 396, 401, 411, 416, 420, 435, 445, 456, 460, 476, 480, 499, 510, 515, 526, 529, 535, 540, 555, 560, 575, 579, 590, 608, 625, 635, 639, 649, 658, 673, 678, 683, 689, 697, 708, 713, 718, 728, 733, 737, 748, 752, 762, 767, 777, 788, 793, 798, 808, 817, 832, 837, 842, 844, 848, 856]
Implementazione: 
[21, 42, 71, 72, 101, 112, 132, 141, 152, 161, 162, 201, 210, 231, 251, 260, 271, 291, 300, 311, 360, 369, 381, 390, 430, 439, 450, 459, 460, 470, 479, 480, 499, 519, 528, 549, 569, 578, 589, 599, 608, 619, 638, 639, 658, 659, 670, 682, 683, 687, 698, 707, 708, 717, 724, 732, 736, 753, 777, 787, 788, 796, 817, 841, 842, 846, 857]

Confronto tra le Medie degli Array di Onset: 17.681652712049527

Media dei confronti tra onset (in frame) vicini8: 2.462962962962963
In percentuale con il fattore di vicinanza per la comparazione: 30.787037037037035%
