


-----------------------------------------------------------

Traccia numero 0: brahms

-----------------------------------------------------------
Numero di Onset di Librosa: 
66
Numero di Onset dell'Implementazione: 
130
Differenza in Percentuale: 
49.23076923076923%

Librosa: 
[6, 13, 42, 62, 80, 116, 144, 160, 170, 205, 229, 266, 299, 317, 336, 354, 368, 378, 403, 436, 453, 470, 486, 503, 540, 560, 609, 630, 664, 680, 697, 727, 757, 847, 858, 903, 931, 956, 983, 1011, 1028, 1043, 1063, 1115, 1168, 1234, 1277, 1318, 1363, 1375, 1387, 1427, 1444, 1497, 1521, 1528, 1541, 1555, 1563, 1598, 1612, 1628, 1645, 1685, 1700, 1716]
Implementazione: 
[13, 14, 15, 29, 35, 36, 49, 50, 54, 55, 61, 70, 76, 89, 98, 107, 125, 126, 133, 142, 161, 162, 173, 179, 197, 204, 229, 230, 231, 247, 248, 299, 315, 316, 334, 362, 369, 403, 435, 452, 453, 461, 469, 470, 485, 501, 502, 505, 520, 521, 538, 539, 558, 559, 613, 614, 627, 631, 637, 640, 653, 680, 692, 697, 704, 733, 737, 756, 771, 786, 787, 801, 808, 859, 868, 874, 886, 889, 899, 904, 914, 930, 931, 955, 956, 983, 984, 990, 1012, 1014, 1022, 1052, 1063, 1072, 1144, 1145, 1150, 1189, 1194, 1199, 1200, 1246, 1248, 1284, 1285, 1297, 1387, 1497, 1521, 1522, 1541, 1542, 1550, 1554, 1555, 1556, 1563, 1569, 1585, 1598, 1612, 1613, 1614, 1627, 1628, 1629, 1643, 1644, 1645, 1646]

Confronto tra le Medie degli Array di Onset: 75.55944055944053

Media dei confronti tra onset (in frame) vicini8: 2.375
In percentuale con il fattore di vicinanza per la comparazione: 29.6875%



-----------------------------------------------------------

Traccia numero 1: choice

-----------------------------------------------------------
Numero di Onset di Librosa: 
98
Numero di Onset dell'Implementazione: 
58
Differenza in Percentuale: 
40.816326530612244%

Librosa: 
[3, 21, 26, 38, 40, 59, 68, 77, 88, 95, 105, 115, 135, 144, 153, 173, 183, 191, 211, 220, 230, 239, 248, 258, 267, 278, 287, 305, 325, 332, 343, 363, 372, 381, 392, 400, 411, 419, 439, 449, 457, 475, 477, 487, 495, 515, 524, 533, 542, 552, 558, 563, 571, 580, 590, 610, 621, 628, 636, 647, 667, 676, 685, 694, 705, 711, 720, 723, 743, 752, 760, 762, 779, 790, 799, 819, 828, 837, 847, 856, 867, 875, 895, 914, 922, 933, 941, 951, 971, 980, 989, 1000, 1008, 1019, 1027, 1046, 1057, 1065]
Implementazione: 
[27, 39, 67, 77, 87, 94, 103, 115, 173, 183, 190, 219, 238, 239, 247, 248, 258, 267, 304, 305, 334, 343, 381, 392, 419, 457, 486, 493, 495, 523, 539, 557, 571, 580, 636, 647, 675, 685, 694, 722, 723, 760, 761, 788, 799, 827, 847, 856, 866, 875, 895, 913, 951, 989, 1000, 1018, 1027, 1065]

Confronto tra le Medie degli Array di Onset: 17.86488388458838

Media dei confronti tra onset (in frame) vicini8: 0.8301886792452831
In percentuale con il fattore di vicinanza per la comparazione: 10.377358490566039%



-----------------------------------------------------------

Traccia numero 2: fishin

-----------------------------------------------------------
Numero di Onset di Librosa: 
138
Numero di Onset dell'Implementazione: 
108
Differenza in Percentuale: 
21.73913043478261%

Librosa: 
[10, 19, 25, 34, 48, 55, 70, 78, 83, 91, 106, 113, 121, 128, 142, 164, 171, 179, 186, 201, 208, 222, 230, 238, 245, 258, 267, 280, 287, 303, 316, 324, 339, 347, 375, 397, 405, 420, 434, 442, 457, 464, 478, 507, 522, 528, 557, 581, 587, 594, 610, 616, 625, 638, 652, 666, 710, 726, 735, 749, 756, 771, 785, 806, 815, 829, 843, 865, 873, 887, 895, 903, 910, 924, 938, 945, 960, 974, 982, 989, 1000, 1009, 1018, 1025, 1038, 1048, 1054, 1062, 1069, 1078, 1086, 1092, 1098, 1118, 1134, 1140, 1149, 1178, 1187, 1194, 1201, 1215, 1223, 1238, 1246, 1252, 1260, 1274, 1282, 1295, 1311, 1334, 1340, 1354, 1362, 1369, 1376, 1391, 1412, 1427, 1449, 1458, 1486, 1507, 1515, 1522, 1529, 1543, 1580, 1603, 1624, 1632, 1645, 1660, 1682, 1690, 1695, 1705]
Implementazione: 
[10, 25, 32, 48, 54, 55, 69, 106, 113, 126, 127, 171, 178, 184, 186, 208, 222, 244, 265, 266, 288, 346, 359, 360, 361, 382, 404, 419, 433, 441, 463, 477, 506, 529, 549, 557, 564, 565, 593, 623, 640, 658, 677, 682, 696, 707, 711, 755, 770, 791, 806, 828, 872, 886, 902, 909, 943, 959, 968, 981, 1003, 1031, 1032, 1037, 1041, 1046, 1062, 1075, 1091, 1118, 1120, 1137, 1163, 1178, 1200, 1215, 1216, 1252, 1273, 1280, 1294, 1310, 1353, 1354, 1375, 1391, 1412, 1426, 1439, 1457, 1471, 1492, 1500, 1544, 1558, 1573, 1579, 1595, 1630, 1631, 1645, 1674, 1681, 1694, 1704, 1710, 1711, 1718]

Confronto tra le Medie degli Array di Onset: 36.567632850241466

Media dei confronti tra onset (in frame) vicini8: 3.3536585365853657
In percentuale con il fattore di vicinanza per la comparazione: 41.920731707317074%



-----------------------------------------------------------

Traccia numero 3: humpback

-----------------------------------------------------------
Numero di Onset di Librosa: 
4
Numero di Onset dell'Implementazione: 
29
Differenza in Percentuale: 
86.20689655172413%

Librosa: 
[3, 357, 853, 1694]
Implementazione: 
[78, 82, 83, 249, 382, 383, 389, 394, 679, 686, 689, 700, 714, 842, 858, 954, 956, 1106, 1118, 1364, 1373, 1378, 1385, 1608, 1616, 1617, 1618, 1624, 1625]

Confronto tra le Medie degli Array di Onset: 188.76724137931035

Media dei confronti tra onset (in frame) vicini8: 5.0
In percentuale con il fattore di vicinanza per la comparazione: 62.5%



-----------------------------------------------------------

Traccia numero 4: libri1

-----------------------------------------------------------
Numero di Onset di Librosa: 
71
Numero di Onset dell'Implementazione: 
57
Differenza in Percentuale: 
19.718309859154928%

Librosa: 
[14, 16, 22, 32, 43, 56, 60, 73, 81, 90, 95, 100, 109, 114, 125, 130, 146, 154, 162, 182, 208, 216, 221, 228, 242, 252, 259, 268, 273, 279, 292, 307, 312, 320, 326, 334, 342, 359, 368, 376, 383, 390, 402, 408, 421, 428, 444, 454, 461, 471, 478, 483, 488, 492, 501, 508, 517, 531, 537, 543, 549, 556, 566, 573, 578, 584, 597, 605, 610, 623, 638]
Implementazione: 
[15, 16, 22, 31, 42, 46, 60, 61, 68, 81, 89, 90, 114, 146, 147, 153, 154, 163, 180, 188, 189, 207, 208, 209, 210, 222, 230, 259, 268, 278, 279, 293, 312, 315, 361, 382, 383, 406, 407, 443, 444, 458, 460, 461, 469, 470, 481, 502, 503, 519, 537, 557, 558, 566, 567, 595, 608]

Confronto tra le Medie degli Array di Onset: 40.4899925871016

Media dei confronti tra onset (in frame) vicini8: 2.511111111111111
In percentuale con il fattore di vicinanza per la comparazione: 31.38888888888889%



-----------------------------------------------------------

Traccia numero 5: libri2

-----------------------------------------------------------
Numero di Onset di Librosa: 
66
Numero di Onset dell'Implementazione: 
62
Differenza in Percentuale: 
6.0606060606060606%

Librosa: 
[11, 24, 31, 35, 41, 48, 60, 66, 83, 110, 128, 136, 141, 152, 173, 180, 185, 192, 199, 202, 234, 236, 240, 253, 263, 276, 279, 290, 296, 305, 314, 317, 327, 330, 335, 343, 357, 366, 376, 378, 391, 397, 428, 444, 453, 459, 475, 485, 522, 532, 541, 560, 586, 591, 600, 609, 622, 632, 634, 648, 654, 663, 678, 687, 692, 696]
Implementazione: 
[11, 14, 15, 17, 24, 34, 47, 48, 50, 60, 69, 128, 129, 140, 151, 164, 172, 173, 183, 184, 192, 197, 198, 238, 239, 251, 252, 262, 264, 278, 290, 295, 304, 328, 334, 341, 366, 375, 376, 377, 387, 388, 389, 428, 433, 434, 435, 453, 461, 475, 526, 531, 555, 559, 580, 598, 599, 622, 634, 654, 685, 686]

Confronto tra le Medie degli Array di Onset: 40.5742913000978

Media dei confronti tra onset (in frame) vicini8: 2.595744680851064
In percentuale con il fattore di vicinanza per la comparazione: 32.4468085106383%



-----------------------------------------------------------

Traccia numero 6: libri3

-----------------------------------------------------------
Numero di Onset di Librosa: 
68
Numero di Onset dell'Implementazione: 
62
Differenza in Percentuale: 
8.823529411764707%

Librosa: 
[3, 22, 34, 39, 44, 54, 57, 64, 73, 81, 86, 92, 101, 107, 128, 134, 140, 151, 159, 164, 169, 176, 178, 185, 193, 202, 211, 217, 223, 234, 248, 256, 263, 272, 279, 285, 297, 304, 315, 321, 332, 339, 346, 364, 386, 392, 403, 414, 418, 424, 429, 437, 456, 462, 467, 469, 472, 484, 494, 506, 516, 525, 534, 542, 548, 559, 571, 581]
Implementazione: 
[22, 33, 36, 56, 57, 64, 65, 74, 75, 80, 81, 85, 98, 127, 128, 140, 155, 156, 167, 168, 186, 191, 205, 219, 222, 248, 256, 258, 271, 279, 280, 283, 288, 298, 303, 304, 310, 321, 331, 338, 393, 394, 402, 408, 409, 427, 428, 436, 456, 461, 468, 484, 494, 495, 515, 516, 524, 527, 540, 541, 558, 570]

Confronto tra le Medie degli Array di Onset: 0.20161290322579362

Media dei confronti tra onset (in frame) vicini8: 2.2264150943396226
In percentuale con il fattore di vicinanza per la comparazione: 27.830188679245282%



-----------------------------------------------------------

Traccia numero 7: nutcracker

-----------------------------------------------------------
Numero di Onset di Librosa: 
83
Numero di Onset dell'Implementazione: 
84
Differenza in Percentuale: 
1.1904761904761905%

Librosa: 
[51, 74, 100, 123, 149, 172, 198, 220, 246, 270, 295, 319, 343, 367, 393, 415, 439, 461, 473, 485, 507, 531, 553, 577, 589, 600, 623, 635, 646, 669, 681, 692, 715, 727, 738, 751, 762, 810, 831, 856, 877, 900, 923, 946, 958, 969, 992, 1004, 1015, 1038, 1051, 1061, 1085, 1107, 1130, 1161, 1174, 1178, 1201, 1213, 1225, 1248, 1272, 1296, 1320, 1344, 1368, 1392, 1414, 1437, 1459, 1472, 1482, 1505, 1534, 1545, 1551, 1572, 1595, 1617, 1664, 1688, 1711]
Implementazione: 
[100, 123, 172, 173, 197, 222, 368, 393, 507, 508, 509, 531, 555, 579, 602, 623, 624, 638, 668, 715, 722, 728, 738, 808, 830, 831, 853, 854, 876, 877, 878, 902, 923, 924, 946, 959, 969, 992, 993, 1015, 1038, 1040, 1052, 1062, 1084, 1106, 1107, 1131, 1200, 1224, 1225, 1249, 1271, 1272, 1295, 1296, 1297, 1318, 1345, 1368, 1397, 1414, 1416, 1436, 1459, 1460, 1482, 1505, 1539, 1554, 1574, 1578, 1588, 1618, 1619, 1631, 1663, 1664, 1666, 1688, 1690, 1711, 1712, 1718]

Confronto tra le Medie degli Array di Onset: 160.9295754446357

Media dei confronti tra onset (in frame) vicini8: 1.1964285714285714
In percentuale con il fattore di vicinanza per la comparazione: 14.955357142857142%



-----------------------------------------------------------

Traccia numero 8: pistachio

-----------------------------------------------------------
Numero di Onset di Librosa: 
138
Numero di Onset dell'Implementazione: 
119
Differenza in Percentuale: 
13.768115942028986%

Librosa: 
[5, 17, 23, 33, 59, 76, 94, 105, 129, 148, 166, 175, 202, 220, 237, 255, 273, 292, 304, 309, 320, 345, 363, 381, 390, 416, 434, 452, 470, 487, 504, 521, 530, 559, 579, 596, 614, 632, 651, 671, 681, 698, 705, 723, 741, 751, 769, 776, 792, 811, 829, 848, 862, 866, 884, 895, 902, 911, 920, 928, 937, 951, 956, 965, 974, 982, 991, 1000, 1010, 1027, 1038, 1046, 1059, 1065, 1082, 1101, 1111, 1119, 1138, 1155, 1167, 1173, 1182, 1191, 1209, 1219, 1227, 1237, 1245, 1254, 1262, 1272, 1281, 1289, 1298, 1307, 1315, 1324, 1333, 1343, 1350, 1360, 1368, 1385, 1394, 1402, 1411, 1420, 1438, 1457, 1467, 1475, 1485, 1494, 1502, 1511, 1529, 1538, 1547, 1556, 1564, 1573, 1582, 1591, 1600, 1608, 1617, 1627, 1635, 1643, 1652, 1671, 1683, 1688, 1697, 1706, 1715, 1721]
Implementazione: 
[5, 6, 17, 22, 59, 77, 95, 105, 129, 147, 166, 175, 203, 219, 255, 273, 292, 303, 308, 319, 345, 362, 380, 391, 416, 433, 451, 469, 470, 486, 503, 520, 558, 559, 578, 614, 632, 651, 670, 680, 698, 722, 740, 750, 768, 769, 775, 791, 792, 810, 829, 847, 866, 884, 894, 902, 920, 928, 937, 956, 973, 990, 1009, 1026, 1037, 1059, 1064, 1101, 1110, 1137, 1138, 1154, 1155, 1172, 1181, 1182, 1191, 1218, 1226, 1227, 1245, 1262, 1280, 1299, 1314, 1332, 1342, 1350, 1368, 1402, 1411, 1419, 1420, 1437, 1438, 1439, 1451, 1457, 1466, 1475, 1493, 1511, 1538, 1546, 1547, 1555, 1564, 1581, 1599, 1608, 1617, 1626, 1652, 1671, 1688, 1696, 1705, 1714, 1715]

Confronto tra le Medie degli Array di Onset: 41.14858117159906

Media dei confronti tra onset (in frame) vicini8: 0.9326923076923077
In percentuale con il fattore di vicinanza per la comparazione: 11.658653846153847%



-----------------------------------------------------------

Traccia numero 9: robin

-----------------------------------------------------------
Numero di Onset di Librosa: 
13
Numero di Onset dell'Implementazione: 
14
Differenza in Percentuale: 
7.142857142857142%

Librosa: 
[4, 8, 14, 22, 36, 39, 52, 57, 66, 72, 75, 82, 85]
Implementazione: 
[8, 9, 10, 21, 22, 24, 36, 57, 58, 59, 63, 71, 72, 85]

Confronto tra le Medie degli Array di Onset: 4.57692307692308

Media dei confronti tra onset (in frame) vicini8: 2.7
In percentuale con il fattore di vicinanza per la comparazione: 33.75%



-----------------------------------------------------------

Traccia numero 10: sweetwaltz

-----------------------------------------------------------
Numero di Onset di Librosa: 
121
Numero di Onset dell'Implementazione: 
104
Differenza in Percentuale: 
14.049586776859504%

Librosa: 
[18, 35, 53, 70, 87, 104, 122, 139, 156, 173, 191, 208, 225, 242, 259, 277, 294, 311, 328, 345, 363, 380, 397, 414, 432, 449, 466, 483, 501, 518, 535, 552, 569, 587, 604, 621, 638, 656, 673, 690, 707, 724, 742, 759, 776, 794, 811, 828, 845, 862, 880, 897, 914, 931, 948, 966, 983, 1000, 1018, 1035, 1052, 1069, 1086, 1104, 1121, 1138, 1155, 1173, 1190, 1207, 1224, 1241, 1259, 1276, 1293, 1310, 1327, 1337, 1345, 1354, 1362, 1379, 1389, 1396, 1406, 1414, 1423, 1431, 1440, 1448, 1457, 1465, 1475, 1483, 1492, 1500, 1509, 1517, 1526, 1534, 1544, 1551, 1561, 1569, 1578, 1586, 1595, 1603, 1612, 1620, 1629, 1637, 1647, 1655, 1664, 1672, 1681, 1689, 1699, 1706, 1716]
Implementazione: 
[17, 18, 35, 52, 121, 156, 173, 190, 207, 242, 259, 276, 328, 431, 483, 500, 517, 534, 562, 611, 639, 640, 668, 690, 692, 751, 762, 793, 794, 799, 800, 844, 845, 862, 874, 896, 903, 916, 930, 931, 938, 945, 946, 953, 961, 969, 1000, 1001, 1002, 1017, 1024, 1034, 1069, 1080, 1086, 1103, 1120, 1121, 1128, 1137, 1158, 1159, 1167, 1189, 1206, 1223, 1224, 1236, 1261, 1262, 1293, 1294, 1309, 1310, 1327, 1364, 1372, 1378, 1379, 1413, 1430, 1448, 1465, 1482, 1499, 1516, 1517, 1522, 1530, 1534, 1551, 1570, 1576, 1577, 1586, 1601, 1609, 1617, 1648, 1655, 1671, 1672, 1689, 1706]

Confronto tra le Medie degli Array di Onset: 30.749046408137247

Media dei confronti tra onset (in frame) vicini8: 2.310810810810811
In percentuale con il fattore di vicinanza per la comparazione: 28.885135135135137%



-----------------------------------------------------------

Traccia numero 11: trumpet

-----------------------------------------------------------
Numero di Onset di Librosa: 
16
Numero di Onset dell'Implementazione: 
10
Differenza in Percentuale: 
37.5%

Librosa: 
[3, 10, 17, 26, 32, 40, 45, 48, 61, 72, 81, 88, 95, 102, 110, 130]
Implementazione: 
[10, 47, 60, 72, 73, 74, 87, 88, 102, 112]

Confronto tra le Medie degli Array di Onset: 12.5

Media dei confronti tra onset (in frame) vicini8: 3.75
In percentuale con il fattore di vicinanza per la comparazione: 46.875%



-----------------------------------------------------------

Traccia numero 12: vibeace

-----------------------------------------------------------
Numero di Onset di Librosa: 
188
Numero di Onset dell'Implementazione: 
119
Differenza in Percentuale: 
36.702127659574465%

Librosa: 
[4, 22, 47, 52, 72, 83, 102, 132, 142, 162, 181, 206, 211, 261, 286, 301, 320, 331, 337, 340, 348, 357, 368, 370, 377, 382, 396, 401, 411, 416, 420, 435, 445, 456, 460, 471, 476, 480, 499, 510, 515, 526, 529, 535, 540, 555, 560, 575, 579, 590, 608, 625, 635, 639, 649, 658, 673, 678, 683, 689, 698, 708, 713, 718, 728, 733, 737, 748, 752, 762, 767, 777, 788, 793, 798, 808, 817, 832, 837, 842, 844, 848, 857, 867, 872, 877, 892, 896, 907, 911, 921, 926, 936, 947, 952, 957, 967, 976, 991, 1001, 1007, 1016, 1026, 1031, 1036, 1051, 1055, 1066, 1070, 1081, 1085, 1095, 1106, 1111, 1116, 1126, 1135, 1150, 1160, 1162, 1166, 1175, 1185, 1190, 1195, 1205, 1210, 1214, 1225, 1229, 1240, 1244, 1254, 1265, 1270, 1275, 1285, 1294, 1309, 1319, 1321, 1325, 1334, 1344, 1349, 1354, 1373, 1384, 1389, 1399, 1403, 1413, 1424, 1429, 1434, 1444, 1453, 1468, 1478, 1484, 1493, 1503, 1508, 1513, 1532, 1543, 1548, 1558, 1562, 1572, 1583, 1588, 1593, 1603, 1612, 1627, 1632, 1638, 1643, 1652, 1662, 1667, 1672, 1691, 1702, 1707, 1717, 1721]
Implementazione: 
[21, 71, 72, 112, 132, 152, 161, 162, 201, 210, 231, 260, 271, 291, 311, 360, 369, 381, 390, 430, 450, 460, 470, 480, 499, 519, 528, 549, 569, 578, 589, 608, 619, 638, 639, 658, 659, 683, 687, 698, 707, 708, 717, 732, 736, 753, 777, 787, 788, 796, 817, 842, 846, 857, 866, 867, 876, 891, 936, 946, 947, 955, 976, 1001, 1005, 1016, 1025, 1026, 1035, 1050, 1095, 1105, 1106, 1114, 1135, 1136, 1160, 1164, 1175, 1184, 1185, 1194, 1209, 1254, 1264, 1275, 1294, 1319, 1334, 1343, 1344, 1353, 1368, 1399, 1413, 1423, 1424, 1432, 1453, 1454, 1478, 1482, 1502, 1503, 1512, 1527, 1572, 1582, 1583, 1591, 1595, 1637, 1641, 1652, 1661, 1662, 1671, 1686, 1707]

Confronto tra le Medie degli Array di Onset: 11.931074557482589

Media dei confronti tra onset (in frame) vicini8: 2.2149532710280373
In percentuale con il fattore di vicinanza per la comparazione: 27.686915887850468%
