


-----------------------------------------------------------

Traccia numero 0: brahms

-----------------------------------------------------------
Numero di Onset di Librosa: 
55
Numero di Onset dell'Implementazione: 
114
Differenza in Percentuale: 
51.75438596491229%

Librosa: 
[6, 13, 24, 42, 62, 80, 109, 116, 144, 160, 170, 205, 229, 266, 299, 317, 336, 354, 368, 378, 403, 436, 453, 470, 486, 498, 503, 540, 559, 609, 612, 630, 664, 680, 697, 727, 757, 789, 802, 832, 846, 858, 903, 915, 931, 956, 983, 1011, 1028, 1043, 1063, 1115, 1168, 1234, 1277]
Implementazione: 
[12, 15, 29, 35, 49, 54, 61, 66, 70, 76, 89, 98, 107, 125, 133, 142, 161, 173, 179, 187, 197, 204, 219, 229, 247, 263, 278, 299, 314, 329, 334, 359, 362, 369, 403, 435, 452, 461, 469, 484, 498, 501, 505, 515, 520, 537, 553, 558, 611, 614, 624, 627, 631, 637, 653, 665, 675, 680, 686, 692, 697, 713, 733, 737, 748, 754, 760, 771, 780, 786, 801, 808, 826, 859, 868, 874, 879, 886, 889, 899, 904, 914, 922, 930, 950, 955, 977, 983, 990, 998, 1012, 1022, 1027, 1035, 1052, 1063, 1072, 1114, 1129, 1134, 1137, 1144, 1150, 1167, 1181, 1189, 1194, 1198, 1217, 1233, 1240, 1246, 1277, 1283]

Confronto tra le Medie degli Array di Onset: 79.64130781499205

Media dei confronti tra onset (in frame) vicini8: 2.86
In percentuale con il fattore di vicinanza per la comparazione: 35.75%



-----------------------------------------------------------

Traccia numero 1: choice

-----------------------------------------------------------
Numero di Onset di Librosa: 
98
Numero di Onset dell'Implementazione: 
59
Differenza in Percentuale: 
39.795918367346935%

Librosa: 
[3, 21, 26, 38, 40, 59, 68, 77, 88, 95, 105, 115, 135, 144, 153, 173, 183, 191, 211, 220, 230, 239, 248, 258, 267, 278, 287, 305, 325, 332, 343, 363, 372, 381, 392, 400, 411, 419, 439, 449, 457, 475, 477, 487, 495, 515, 524, 533, 542, 552, 558, 563, 571, 580, 590, 610, 621, 628, 636, 647, 667, 676, 685, 694, 705, 711, 720, 723, 743, 752, 760, 762, 779, 790, 799, 819, 828, 837, 847, 856, 867, 875, 895, 914, 922, 933, 941, 951, 971, 980, 989, 1000, 1008, 1019, 1027, 1046, 1057, 1065]
Implementazione: 
[27, 39, 67, 77, 86, 94, 103, 115, 173, 183, 190, 219, 238, 247, 258, 267, 304, 331, 334, 343, 380, 392, 398, 419, 444, 457, 486, 493, 523, 538, 557, 571, 579, 595, 635, 647, 675, 685, 693, 723, 760, 779, 786, 799, 827, 837, 847, 856, 866, 875, 895, 913, 940, 951, 989, 999, 1018, 1027, 1065]

Confronto tra le Medie degli Array di Onset: 0.4654098927707082

Media dei confronti tra onset (in frame) vicini8: 1.4137931034482758
In percentuale con il fattore di vicinanza per la comparazione: 17.67241379310345%



-----------------------------------------------------------

Traccia numero 2: fishin

-----------------------------------------------------------
Numero di Onset di Librosa: 
109
Numero di Onset dell'Implementazione: 
84
Differenza in Percentuale: 
22.93577981651376%

Librosa: 
[10, 19, 25, 34, 48, 55, 70, 78, 83, 91, 106, 113, 121, 128, 142, 164, 171, 179, 186, 201, 208, 222, 230, 238, 245, 258, 267, 280, 287, 303, 316, 324, 339, 347, 375, 397, 405, 420, 434, 442, 457, 464, 478, 507, 522, 528, 557, 581, 587, 594, 610, 616, 625, 638, 652, 666, 710, 726, 735, 749, 756, 771, 785, 806, 815, 829, 843, 865, 873, 887, 895, 903, 910, 924, 938, 945, 960, 974, 982, 989, 1000, 1009, 1018, 1025, 1038, 1048, 1054, 1062, 1069, 1078, 1086, 1092, 1098, 1118, 1134, 1140, 1149, 1178, 1187, 1194, 1201, 1215, 1223, 1238, 1246, 1252, 1260, 1274, 1282]
Implementazione: 
[9, 25, 32, 48, 54, 61, 69, 106, 113, 126, 135, 162, 171, 178, 184, 208, 222, 244, 265, 281, 288, 346, 359, 382, 387, 397, 404, 419, 425, 433, 441, 454, 463, 477, 506, 528, 549, 557, 564, 592, 623, 658, 677, 682, 696, 707, 711, 723, 755, 770, 785, 791, 806, 828, 842, 871, 885, 901, 909, 943, 959, 967, 981, 1003, 1030, 1037, 1041, 1046, 1062, 1075, 1091, 1117, 1120, 1137, 1146, 1154, 1163, 1178, 1185, 1200, 1214, 1252, 1273, 1280]

Confronto tra le Medie degli Array di Onset: 9.082787243337748

Media dei confronti tra onset (in frame) vicini8: 3.0434782608695654
In percentuale con il fattore di vicinanza per la comparazione: 38.04347826086957%



-----------------------------------------------------------

Traccia numero 3: humpback

-----------------------------------------------------------
Numero di Onset di Librosa: 
3
Numero di Onset dell'Implementazione: 
43
Differenza in Percentuale: 
93.02325581395348%

Librosa: 
[3, 357, 853]
Implementazione: 
[75, 78, 82, 105, 196, 200, 210, 216, 222, 225, 240, 249, 259, 281, 380, 383, 389, 549, 578, 591, 602, 674, 679, 686, 689, 700, 714, 808, 825, 835, 839, 842, 858, 947, 951, 954, 1084, 1094, 1099, 1106, 1118, 1225, 1261]

Confronto tra le Medie degli Array di Onset: 202.59689922480624

Media dei confronti tra onset (in frame) vicini8: 8
In percentuale con il fattore di vicinanza per la comparazione: 100.0%



-----------------------------------------------------------

Traccia numero 4: libri1

-----------------------------------------------------------
Numero di Onset di Librosa: 
71
Numero di Onset dell'Implementazione: 
43
Differenza in Percentuale: 
39.436619718309856%

Librosa: 
[14, 16, 22, 32, 43, 56, 60, 73, 81, 90, 95, 100, 109, 114, 125, 130, 146, 154, 162, 182, 208, 216, 221, 228, 242, 252, 259, 268, 273, 279, 292, 307, 312, 320, 326, 334, 342, 359, 368, 376, 383, 390, 402, 408, 421, 428, 444, 454, 461, 471, 478, 483, 488, 492, 501, 508, 517, 531, 537, 543, 549, 556, 566, 573, 578, 584, 597, 605, 610, 623, 638]
Implementazione: 
[14, 21, 31, 42, 46, 60, 68, 81, 89, 95, 114, 146, 153, 163, 180, 187, 207, 210, 222, 227, 230, 258, 268, 278, 289, 293, 312, 358, 361, 382, 406, 443, 458, 461, 469, 481, 502, 519, 537, 557, 566, 595, 608]

Confronto tra le Medie degli Array di Onset: 50.880445463478566

Media dei confronti tra onset (in frame) vicini8: 2.473684210526316
In percentuale con il fattore di vicinanza per la comparazione: 30.92105263157895%



-----------------------------------------------------------

Traccia numero 5: libri2

-----------------------------------------------------------
Numero di Onset di Librosa: 
66
Numero di Onset dell'Implementazione: 
61
Differenza in Percentuale: 
7.575757575757576%

Librosa: 
[11, 24, 31, 35, 41, 48, 60, 66, 83, 110, 128, 136, 141, 152, 173, 180, 185, 192, 199, 202, 234, 236, 240, 253, 263, 276, 279, 290, 296, 305, 314, 317, 327, 330, 335, 343, 357, 366, 376, 378, 391, 397, 428, 444, 453, 459, 475, 485, 522, 532, 541, 560, 586, 591, 600, 609, 622, 632, 634, 648, 654, 663, 678, 687, 692, 696]
Implementazione: 
[10, 14, 17, 24, 33, 47, 50, 60, 66, 69, 128, 140, 151, 164, 172, 183, 192, 197, 238, 246, 251, 262, 275, 278, 290, 295, 304, 327, 334, 341, 351, 354, 366, 375, 386, 389, 400, 427, 433, 453, 458, 461, 475, 496, 500, 523, 526, 531, 546, 555, 559, 575, 578, 588, 597, 621, 634, 644, 654, 685, 695]

Confronto tra le Medie degli Array di Onset: 4.2009438648782975

Media dei confronti tra onset (in frame) vicini8: 2.74468085106383
In percentuale con il fattore di vicinanza per la comparazione: 34.308510638297875%



-----------------------------------------------------------

Traccia numero 6: libri3

-----------------------------------------------------------
Numero di Onset di Librosa: 
68
Numero di Onset dell'Implementazione: 
51
Differenza in Percentuale: 
25.0%

Librosa: 
[3, 22, 34, 39, 44, 54, 57, 64, 73, 81, 86, 92, 101, 107, 128, 134, 140, 151, 159, 164, 169, 176, 178, 185, 193, 202, 211, 217, 223, 234, 248, 256, 263, 272, 279, 285, 297, 304, 315, 321, 332, 339, 346, 364, 386, 392, 403, 414, 418, 424, 429, 437, 456, 462, 467, 469, 472, 484, 494, 506, 516, 525, 534, 542, 548, 559, 571, 581]
Implementazione: 
[21, 33, 36, 56, 63, 74, 80, 85, 98, 127, 140, 155, 167, 186, 191, 202, 205, 219, 222, 248, 256, 271, 278, 283, 288, 296, 303, 310, 315, 321, 331, 338, 345, 385, 392, 402, 408, 416, 427, 436, 456, 461, 467, 484, 494, 515, 524, 527, 540, 556, 569]

Confronto tra le Medie degli Array di Onset: 8.406862745098067

Media dei confronti tra onset (in frame) vicini8: 2.1458333333333335
In percentuale con il fattore di vicinanza per la comparazione: 26.822916666666668%



-----------------------------------------------------------

Traccia numero 7: nutcracker

-----------------------------------------------------------
Numero di Onset di Librosa: 
63
Numero di Onset dell'Implementazione: 
68
Differenza in Percentuale: 
7.352941176470589%

Librosa: 
[51, 74, 100, 123, 149, 172, 198, 220, 246, 270, 295, 319, 343, 367, 393, 415, 439, 461, 473, 485, 507, 531, 553, 577, 589, 600, 623, 635, 646, 669, 681, 692, 715, 727, 738, 751, 762, 810, 831, 856, 877, 900, 923, 946, 958, 969, 992, 1004, 1015, 1038, 1051, 1061, 1085, 1107, 1130, 1161, 1174, 1178, 1201, 1213, 1225, 1248, 1272]
Implementazione: 
[50, 74, 99, 123, 148, 172, 197, 222, 245, 270, 294, 319, 343, 367, 392, 415, 419, 438, 462, 473, 480, 485, 507, 531, 555, 579, 590, 602, 623, 638, 668, 684, 692, 714, 722, 728, 738, 757, 786, 792, 808, 830, 844, 853, 864, 876, 902, 923, 946, 959, 969, 992, 1015, 1022, 1038, 1052, 1062, 1084, 1106, 1121, 1131, 1146, 1159, 1199, 1212, 1219, 1224, 1271]

Confronto tra le Medie degli Array di Onset: 1.0485527544351498

Media dei confronti tra onset (in frame) vicini8: 1.2142857142857142
In percentuale con il fattore di vicinanza per la comparazione: 15.178571428571427%



-----------------------------------------------------------

Traccia numero 8: pistachio

-----------------------------------------------------------
Numero di Onset di Librosa: 
94
Numero di Onset dell'Implementazione: 
84
Differenza in Percentuale: 
10.638297872340425%

Librosa: 
[5, 17, 23, 33, 59, 76, 94, 105, 129, 148, 166, 175, 202, 220, 237, 255, 273, 292, 304, 309, 320, 345, 363, 381, 390, 416, 434, 452, 470, 487, 504, 521, 530, 559, 579, 596, 614, 632, 651, 671, 681, 698, 705, 723, 741, 751, 769, 776, 792, 811, 829, 848, 862, 866, 884, 895, 902, 911, 920, 928, 937, 951, 956, 965, 974, 982, 991, 1000, 1010, 1027, 1038, 1046, 1059, 1065, 1082, 1101, 1111, 1119, 1138, 1155, 1167, 1173, 1182, 1191, 1209, 1219, 1227, 1237, 1245, 1254, 1262, 1272, 1281, 1289]
Implementazione: 
[5, 17, 22, 59, 75, 95, 104, 129, 147, 165, 175, 201, 219, 255, 273, 292, 303, 308, 319, 344, 362, 375, 380, 387, 391, 416, 433, 451, 469, 485, 503, 520, 558, 578, 614, 631, 650, 669, 679, 698, 722, 740, 750, 768, 775, 791, 810, 829, 847, 861, 866, 884, 894, 902, 911, 920, 928, 936, 950, 956, 973, 990, 999, 1009, 1023, 1026, 1037, 1059, 1064, 1095, 1101, 1110, 1136, 1154, 1172, 1181, 1191, 1204, 1218, 1226, 1245, 1254, 1262, 1280]

Confronto tra le Medie degli Array di Onset: 27.20694022289763

Media dei confronti tra onset (in frame) vicini8: 1.0379746835443038
In percentuale con il fattore di vicinanza per la comparazione: 12.974683544303797%



-----------------------------------------------------------

Traccia numero 9: robin

-----------------------------------------------------------
Numero di Onset di Librosa: 
13
Numero di Onset dell'Implementazione: 
10
Differenza in Percentuale: 
23.076923076923077%

Librosa: 
[4, 8, 14, 22, 36, 39, 52, 57, 66, 72, 75, 82, 85]
Implementazione: 
[7, 10, 21, 24, 36, 47, 57, 63, 71, 85]

Confronto tra le Medie degli Array di Onset: 4.976923076923079

Media dei confronti tra onset (in frame) vicini8: 2.5555555555555554
In percentuale con il fattore di vicinanza per la comparazione: 31.944444444444443%



-----------------------------------------------------------

Traccia numero 10: sweetwaltz

-----------------------------------------------------------
Numero di Onset di Librosa: 
74
Numero di Onset dell'Implementazione: 
104
Differenza in Percentuale: 
28.846153846153843%

Librosa: 
[18, 35, 53, 70, 87, 104, 122, 139, 156, 173, 191, 208, 225, 242, 259, 277, 294, 311, 328, 345, 363, 380, 397, 414, 432, 449, 466, 483, 501, 518, 535, 552, 569, 587, 604, 621, 638, 656, 673, 690, 707, 724, 742, 759, 776, 794, 811, 828, 845, 862, 880, 897, 914, 931, 948, 966, 983, 1000, 1017, 1035, 1052, 1069, 1086, 1103, 1121, 1138, 1155, 1173, 1190, 1207, 1224, 1241, 1258, 1276]
Implementazione: 
[17, 35, 52, 87, 104, 121, 156, 172, 190, 207, 242, 259, 276, 310, 327, 339, 343, 362, 414, 431, 437, 445, 464, 482, 499, 515, 529, 532, 545, 550, 557, 561, 581, 596, 608, 611, 618, 626, 634, 638, 647, 653, 668, 678, 690, 723, 736, 751, 762, 771, 775, 780, 783, 793, 799, 817, 823, 843, 855, 862, 874, 891, 896, 902, 916, 930, 938, 945, 952, 960, 969, 991, 1000, 1010, 1017, 1022, 1031, 1034, 1040, 1048, 1056, 1062, 1069, 1079, 1086, 1094, 1102, 1112, 1120, 1128, 1135, 1158, 1165, 1181, 1189, 1198, 1206, 1213, 1222, 1235, 1252, 1262, 1269, 1285]

Confronto tra le Medie degli Array di Onset: 102.29235966735973

Media dei confronti tra onset (in frame) vicini8: 2.857142857142857
In percentuale con il fattore di vicinanza per la comparazione: 35.714285714285715%



-----------------------------------------------------------

Traccia numero 11: trumpet

-----------------------------------------------------------
Numero di Onset di Librosa: 
16
Numero di Onset dell'Implementazione: 
7
Differenza in Percentuale: 
56.25%

Librosa: 
[3, 10, 17, 26, 32, 40, 45, 48, 61, 72, 81, 88, 95, 102, 110, 130]
Implementazione: 
[7, 10, 47, 60, 72, 87, 102]

Confronto tra le Medie degli Array di Onset: 5.0

Media dei confronti tra onset (in frame) vicini8: 3.0
In percentuale con il fattore di vicinanza per la comparazione: 37.5%



-----------------------------------------------------------

Traccia numero 12: vibeace

-----------------------------------------------------------
Numero di Onset di Librosa: 
137
Numero di Onset dell'Implementazione: 
97
Differenza in Percentuale: 
29.1970802919708%

Librosa: 
[4, 22, 47, 52, 72, 83, 102, 132, 142, 162, 181, 206, 211, 261, 286, 301, 320, 331, 337, 340, 348, 357, 368, 370, 377, 382, 396, 401, 411, 416, 420, 435, 445, 456, 460, 471, 476, 480, 499, 510, 515, 526, 529, 535, 540, 555, 560, 575, 579, 590, 608, 625, 635, 639, 649, 658, 673, 678, 683, 689, 698, 708, 713, 718, 728, 733, 737, 748, 752, 762, 767, 777, 788, 793, 798, 808, 817, 832, 837, 842, 844, 848, 856, 867, 872, 877, 892, 896, 907, 911, 921, 926, 936, 947, 952, 957, 967, 976, 991, 1001, 1007, 1016, 1026, 1031, 1036, 1051, 1055, 1066, 1070, 1081, 1085, 1095, 1106, 1111, 1116, 1126, 1135, 1150, 1160, 1162, 1166, 1175, 1185, 1190, 1195, 1205, 1210, 1214, 1225, 1229, 1240, 1244, 1254, 1265, 1270, 1275, 1285]
Implementazione: 
[21, 42, 71, 101, 112, 132, 141, 152, 161, 201, 210, 231, 251, 260, 271, 291, 300, 311, 360, 369, 381, 390, 430, 439, 450, 459, 470, 479, 499, 519, 528, 549, 569, 578, 589, 599, 608, 619, 638, 658, 670, 682, 687, 698, 703, 707, 717, 724, 732, 736, 753, 777, 787, 796, 817, 832, 841, 846, 857, 866, 876, 883, 891, 895, 912, 936, 946, 955, 969, 976, 1000, 1005, 1016, 1025, 1035, 1042, 1050, 1054, 1071, 1095, 1105, 1114, 1124, 1135, 1160, 1164, 1172, 1175, 1184, 1194, 1201, 1209, 1230, 1254, 1264, 1271, 1274]

Confronto tra le Medie degli Array di Onset: 15.490857099856953

Media dei confronti tra onset (in frame) vicini8: 2.4269662921348316
In percentuale con il fattore di vicinanza per la comparazione: 30.337078651685395%
