


-----------------------------------------------------------

Traccia numero 0: brahms

-----------------------------------------------------------
Numero di Onset di Librosa: 
66
Numero di Onset dell'Implementazione: 
137
Differenza in Percentuale: 
51.82481751824818%

Librosa: 
[6, 13, 42, 62, 80, 116, 144, 160, 170, 205, 229, 266, 299, 317, 336, 354, 368, 378, 403, 436, 453, 470, 486, 503, 540, 560, 609, 630, 664, 680, 697, 727, 757, 847, 858, 903, 931, 956, 983, 1011, 1028, 1043, 1063, 1115, 1168, 1234, 1277, 1318, 1363, 1375, 1387, 1427, 1444, 1497, 1521, 1528, 1541, 1555, 1563, 1598, 1612, 1628, 1645, 1685, 1700, 1716]
Implementazione: 
[13, 29, 35, 49, 54, 61, 66, 70, 76, 89, 98, 107, 125, 133, 142, 161, 173, 179, 187, 197, 204, 219, 229, 247, 263, 278, 299, 315, 329, 334, 359, 362, 369, 403, 435, 452, 461, 469, 484, 498, 501, 505, 515, 520, 537, 553, 558, 611, 614, 624, 627, 631, 637, 653, 675, 680, 686, 692, 697, 713, 733, 737, 748, 755, 760, 771, 780, 786, 801, 808, 826, 859, 868, 874, 879, 886, 889, 899, 904, 914, 922, 930, 950, 955, 977, 983, 990, 998, 1012, 1022, 1027, 1035, 1052, 1063, 1072, 1114, 1130, 1134, 1137, 1144, 1150, 1167, 1181, 1189, 1194, 1198, 1217, 1233, 1240, 1246, 1277, 1283, 1297, 1363, 1375, 1387, 1391, 1413, 1429, 1496, 1516, 1519, 1522, 1541, 1550, 1554, 1563, 1574, 1584, 1597, 1611, 1614, 1627, 1642, 1645, 1699, 1714]

Confronto tra le Medie degli Array di Onset: 31.92833443928339

Media dei confronti tra onset (in frame) vicini8: 2.6607142857142856
In percentuale con il fattore di vicinanza per la comparazione: 33.25892857142857%



-----------------------------------------------------------

Traccia numero 1: choice

-----------------------------------------------------------
Numero di Onset di Librosa: 
98
Numero di Onset dell'Implementazione: 
59
Differenza in Percentuale: 
39.795918367346935%

Librosa: 
[3, 21, 26, 38, 40, 59, 68, 77, 88, 95, 105, 115, 135, 144, 153, 173, 183, 191, 211, 220, 230, 239, 248, 258, 267, 278, 287, 305, 325, 332, 343, 363, 372, 381, 392, 400, 411, 419, 439, 449, 457, 475, 477, 487, 495, 515, 524, 533, 542, 552, 558, 563, 571, 580, 590, 610, 621, 628, 636, 647, 667, 676, 685, 694, 705, 711, 720, 723, 743, 752, 760, 762, 779, 790, 799, 819, 828, 837, 847, 856, 867, 875, 895, 914, 922, 933, 941, 951, 971, 980, 989, 1000, 1008, 1019, 1027, 1046, 1057, 1065]
Implementazione: 
[27, 39, 67, 77, 86, 94, 103, 115, 173, 183, 190, 219, 238, 247, 258, 267, 304, 331, 334, 343, 380, 392, 398, 419, 444, 457, 486, 493, 523, 538, 557, 571, 579, 595, 635, 647, 675, 685, 693, 723, 760, 779, 786, 799, 827, 837, 847, 856, 866, 875, 895, 913, 940, 951, 989, 999, 1018, 1027, 1065]

Confronto tra le Medie degli Array di Onset: 0.4654098927707082

Media dei confronti tra onset (in frame) vicini8: 1.4137931034482758
In percentuale con il fattore di vicinanza per la comparazione: 17.67241379310345%



-----------------------------------------------------------

Traccia numero 2: fishin

-----------------------------------------------------------
Numero di Onset di Librosa: 
138
Numero di Onset dell'Implementazione: 
116
Differenza in Percentuale: 
15.942028985507244%

Librosa: 
[10, 19, 25, 34, 48, 55, 70, 78, 83, 91, 106, 113, 121, 128, 142, 164, 171, 179, 186, 201, 208, 222, 230, 238, 245, 258, 267, 280, 287, 303, 316, 324, 339, 347, 375, 397, 405, 420, 434, 442, 457, 464, 478, 507, 522, 528, 557, 581, 587, 594, 610, 616, 625, 638, 652, 666, 710, 726, 735, 749, 756, 771, 785, 806, 815, 829, 843, 865, 873, 887, 895, 903, 910, 924, 938, 945, 960, 974, 982, 989, 1000, 1009, 1018, 1025, 1038, 1048, 1054, 1062, 1069, 1078, 1086, 1092, 1098, 1118, 1134, 1140, 1149, 1178, 1187, 1194, 1201, 1215, 1223, 1238, 1246, 1252, 1260, 1274, 1282, 1295, 1311, 1334, 1340, 1354, 1362, 1369, 1376, 1391, 1412, 1427, 1449, 1458, 1486, 1507, 1515, 1522, 1529, 1543, 1580, 1603, 1624, 1632, 1645, 1660, 1682, 1690, 1695, 1705]
Implementazione: 
[9, 25, 32, 48, 54, 61, 69, 106, 113, 126, 135, 162, 171, 178, 184, 208, 222, 244, 265, 281, 288, 346, 359, 382, 387, 397, 404, 419, 425, 433, 441, 454, 463, 477, 506, 529, 549, 557, 564, 592, 623, 658, 677, 682, 696, 707, 711, 723, 755, 770, 791, 806, 828, 842, 871, 885, 901, 909, 943, 959, 967, 981, 1003, 1030, 1037, 1041, 1046, 1062, 1075, 1091, 1118, 1137, 1146, 1154, 1163, 1178, 1185, 1200, 1214, 1252, 1273, 1280, 1294, 1310, 1353, 1360, 1375, 1390, 1395, 1412, 1421, 1426, 1439, 1452, 1457, 1470, 1492, 1500, 1544, 1558, 1573, 1579, 1585, 1595, 1609, 1621, 1630, 1645, 1654, 1659, 1674, 1681, 1694, 1704, 1710, 1718]

Confronto tra le Medie degli Array di Onset: 67.12893553223387

Media dei confronti tra onset (in frame) vicini8: 3.10989010989011
In percentuale con il fattore di vicinanza per la comparazione: 38.87362637362637%



-----------------------------------------------------------

Traccia numero 3: humpback

-----------------------------------------------------------
Numero di Onset di Librosa: 
4
Numero di Onset dell'Implementazione: 
52
Differenza in Percentuale: 
92.3076923076923%

Librosa: 
[3, 357, 853, 1694]
Implementazione: 
[75, 78, 82, 105, 196, 200, 210, 216, 222, 225, 240, 249, 259, 281, 380, 383, 389, 549, 578, 591, 602, 674, 679, 686, 689, 700, 714, 808, 825, 835, 839, 842, 858, 947, 951, 954, 1084, 1094, 1099, 1106, 1118, 1225, 1261, 1359, 1364, 1373, 1378, 1385, 1514, 1607, 1616, 1624]

Confronto tra le Medie degli Array di Onset: 29.36538461538464

Media dei confronti tra onset (in frame) vicini8: 5.0
In percentuale con il fattore di vicinanza per la comparazione: 62.5%



-----------------------------------------------------------

Traccia numero 4: libri1

-----------------------------------------------------------
Numero di Onset di Librosa: 
71
Numero di Onset dell'Implementazione: 
43
Differenza in Percentuale: 
39.436619718309856%

Librosa: 
[14, 16, 22, 32, 43, 56, 60, 73, 81, 90, 95, 100, 109, 114, 125, 130, 146, 154, 162, 182, 208, 216, 221, 228, 242, 252, 259, 268, 273, 279, 292, 307, 312, 320, 326, 334, 342, 359, 368, 376, 383, 390, 402, 408, 421, 428, 444, 454, 461, 471, 478, 483, 488, 492, 501, 508, 517, 531, 537, 543, 549, 556, 566, 573, 578, 584, 597, 605, 610, 623, 638]
Implementazione: 
[14, 21, 31, 42, 46, 60, 68, 81, 89, 95, 114, 146, 153, 163, 180, 187, 207, 210, 222, 227, 230, 258, 268, 278, 289, 293, 312, 358, 361, 382, 406, 443, 458, 461, 469, 481, 502, 519, 537, 557, 566, 595, 608]

Confronto tra le Medie degli Array di Onset: 50.880445463478566

Media dei confronti tra onset (in frame) vicini8: 2.473684210526316
In percentuale con il fattore di vicinanza per la comparazione: 30.92105263157895%



-----------------------------------------------------------

Traccia numero 5: libri2

-----------------------------------------------------------
Numero di Onset di Librosa: 
66
Numero di Onset dell'Implementazione: 
61
Differenza in Percentuale: 
7.575757575757576%

Librosa: 
[11, 24, 31, 35, 41, 48, 60, 66, 83, 110, 128, 136, 141, 152, 173, 180, 185, 192, 199, 202, 234, 236, 240, 253, 263, 276, 279, 290, 296, 305, 314, 317, 327, 330, 335, 343, 357, 366, 376, 378, 391, 397, 428, 444, 453, 459, 475, 485, 522, 532, 541, 560, 586, 591, 600, 609, 622, 632, 634, 648, 654, 663, 678, 687, 692, 696]
Implementazione: 
[10, 14, 17, 24, 33, 47, 50, 60, 66, 69, 128, 140, 151, 164, 172, 183, 192, 197, 238, 246, 251, 262, 275, 278, 290, 295, 304, 327, 334, 341, 351, 354, 366, 375, 386, 389, 400, 427, 433, 453, 458, 461, 475, 496, 500, 523, 526, 531, 546, 555, 559, 575, 578, 588, 597, 621, 634, 644, 654, 685, 695]

Confronto tra le Medie degli Array di Onset: 4.2009438648782975

Media dei confronti tra onset (in frame) vicini8: 2.74468085106383
In percentuale con il fattore di vicinanza per la comparazione: 34.308510638297875%



-----------------------------------------------------------

Traccia numero 6: libri3

-----------------------------------------------------------
Numero di Onset di Librosa: 
68
Numero di Onset dell'Implementazione: 
51
Differenza in Percentuale: 
25.0%

Librosa: 
[3, 22, 34, 39, 44, 54, 57, 64, 73, 81, 86, 92, 101, 107, 128, 134, 140, 151, 159, 164, 169, 176, 178, 185, 193, 202, 211, 217, 223, 234, 248, 256, 263, 272, 279, 285, 297, 304, 315, 321, 332, 339, 346, 364, 386, 392, 403, 414, 418, 424, 429, 437, 456, 462, 467, 469, 472, 484, 494, 506, 516, 525, 534, 542, 548, 559, 571, 581]
Implementazione: 
[21, 33, 36, 56, 63, 74, 80, 85, 98, 127, 140, 155, 167, 186, 191, 202, 205, 219, 222, 248, 256, 271, 278, 283, 288, 296, 303, 310, 315, 321, 331, 338, 345, 385, 392, 402, 408, 416, 427, 436, 456, 461, 467, 484, 494, 515, 524, 527, 540, 556, 569]

Confronto tra le Medie degli Array di Onset: 8.406862745098067

Media dei confronti tra onset (in frame) vicini8: 2.1458333333333335
In percentuale con il fattore di vicinanza per la comparazione: 26.822916666666668%



-----------------------------------------------------------

Traccia numero 7: nutcracker

-----------------------------------------------------------
Numero di Onset di Librosa: 
83
Numero di Onset dell'Implementazione: 
97
Differenza in Percentuale: 
14.432989690721648%

Librosa: 
[51, 74, 100, 123, 149, 172, 198, 220, 246, 270, 295, 319, 343, 367, 393, 415, 439, 461, 473, 485, 507, 531, 553, 577, 589, 600, 623, 635, 646, 669, 681, 692, 715, 727, 738, 751, 762, 810, 831, 856, 877, 900, 923, 946, 958, 969, 992, 1004, 1015, 1038, 1051, 1061, 1085, 1107, 1130, 1161, 1174, 1178, 1201, 1213, 1225, 1248, 1272, 1296, 1320, 1344, 1368, 1392, 1414, 1437, 1459, 1472, 1482, 1505, 1534, 1545, 1551, 1572, 1595, 1617, 1664, 1688, 1711]
Implementazione: 
[50, 74, 99, 123, 149, 172, 197, 222, 245, 270, 294, 319, 343, 367, 392, 416, 419, 438, 462, 473, 480, 485, 507, 531, 555, 579, 590, 602, 623, 638, 668, 684, 692, 714, 722, 728, 738, 757, 792, 808, 830, 844, 853, 864, 876, 902, 923, 946, 959, 969, 992, 1015, 1022, 1038, 1052, 1062, 1084, 1106, 1121, 1131, 1146, 1159, 1199, 1212, 1219, 1224, 1271, 1295, 1318, 1338, 1345, 1368, 1381, 1397, 1413, 1416, 1436, 1459, 1470, 1482, 1496, 1501, 1505, 1538, 1554, 1574, 1578, 1587, 1618, 1631, 1651, 1659, 1663, 1666, 1688, 1711, 1718]

Confronto tra le Medie degli Array di Onset: 58.42454353496464

Media dei confronti tra onset (in frame) vicini8: 1.4324324324324325
In percentuale con il fattore di vicinanza per la comparazione: 17.905405405405407%



-----------------------------------------------------------

Traccia numero 8: pistachio

-----------------------------------------------------------
Numero di Onset di Librosa: 
138
Numero di Onset dell'Implementazione: 
115
Differenza in Percentuale: 
16.666666666666664%

Librosa: 
[5, 17, 23, 33, 59, 76, 94, 105, 129, 148, 166, 175, 202, 220, 237, 255, 273, 292, 304, 309, 320, 345, 363, 381, 390, 416, 434, 452, 470, 487, 504, 521, 530, 559, 579, 596, 614, 632, 651, 671, 681, 698, 705, 723, 741, 751, 769, 776, 792, 811, 829, 848, 862, 866, 884, 895, 902, 911, 920, 928, 937, 951, 956, 965, 974, 982, 991, 1000, 1010, 1027, 1038, 1046, 1059, 1065, 1082, 1101, 1111, 1119, 1138, 1155, 1167, 1173, 1182, 1191, 1209, 1219, 1227, 1237, 1245, 1254, 1262, 1272, 1281, 1289, 1298, 1307, 1315, 1324, 1333, 1343, 1350, 1360, 1368, 1385, 1394, 1402, 1411, 1420, 1438, 1457, 1467, 1475, 1485, 1494, 1502, 1511, 1529, 1538, 1547, 1556, 1564, 1573, 1582, 1591, 1600, 1608, 1617, 1627, 1635, 1643, 1652, 1671, 1683, 1688, 1697, 1706, 1715, 1721]
Implementazione: 
[5, 17, 22, 59, 75, 95, 104, 129, 147, 165, 175, 201, 219, 255, 273, 292, 303, 308, 319, 344, 362, 375, 380, 387, 391, 416, 433, 451, 469, 485, 503, 520, 558, 578, 614, 631, 650, 669, 679, 698, 722, 740, 750, 768, 775, 791, 810, 829, 847, 861, 866, 884, 894, 902, 911, 920, 928, 936, 951, 956, 973, 990, 999, 1009, 1023, 1026, 1037, 1059, 1064, 1095, 1101, 1110, 1136, 1154, 1172, 1181, 1191, 1204, 1218, 1226, 1245, 1254, 1262, 1280, 1299, 1314, 1332, 1341, 1350, 1367, 1402, 1411, 1419, 1437, 1451, 1457, 1466, 1475, 1493, 1511, 1538, 1546, 1555, 1564, 1581, 1599, 1607, 1617, 1626, 1652, 1671, 1688, 1696, 1705, 1714]

Confronto tra le Medie degli Array di Onset: 59.40579710144925

Media dei confronti tra onset (in frame) vicini8: 1.128440366972477
In percentuale con il fattore di vicinanza per la comparazione: 14.105504587155963%



-----------------------------------------------------------

Traccia numero 9: robin

-----------------------------------------------------------
Numero di Onset di Librosa: 
13
Numero di Onset dell'Implementazione: 
10
Differenza in Percentuale: 
23.076923076923077%

Librosa: 
[4, 8, 14, 22, 36, 39, 52, 57, 66, 72, 75, 82, 85]
Implementazione: 
[7, 10, 21, 24, 36, 47, 57, 63, 71, 85]

Confronto tra le Medie degli Array di Onset: 4.976923076923079

Media dei confronti tra onset (in frame) vicini8: 2.5555555555555554
In percentuale con il fattore di vicinanza per la comparazione: 31.944444444444443%



-----------------------------------------------------------

Traccia numero 10: sweetwaltz

-----------------------------------------------------------
Numero di Onset di Librosa: 
121
Numero di Onset dell'Implementazione: 
146
Differenza in Percentuale: 
17.123287671232877%

Librosa: 
[18, 35, 53, 70, 87, 104, 122, 139, 156, 173, 191, 208, 225, 242, 259, 277, 294, 311, 328, 345, 363, 380, 397, 414, 432, 449, 466, 483, 501, 518, 535, 552, 569, 587, 604, 621, 638, 656, 673, 690, 707, 724, 742, 759, 776, 794, 811, 828, 845, 862, 880, 897, 914, 931, 948, 966, 983, 1000, 1018, 1035, 1052, 1069, 1086, 1104, 1121, 1138, 1155, 1173, 1190, 1207, 1224, 1241, 1259, 1276, 1293, 1310, 1327, 1337, 1345, 1354, 1362, 1379, 1389, 1396, 1406, 1414, 1423, 1431, 1440, 1448, 1457, 1465, 1475, 1483, 1492, 1500, 1509, 1517, 1526, 1534, 1544, 1551, 1561, 1569, 1578, 1586, 1595, 1603, 1612, 1620, 1629, 1637, 1647, 1655, 1664, 1672, 1681, 1689, 1699, 1706, 1716]
Implementazione: 
[17, 35, 52, 87, 104, 121, 156, 172, 190, 207, 242, 259, 276, 310, 327, 339, 343, 362, 431, 445, 464, 482, 499, 515, 529, 534, 545, 550, 557, 561, 581, 596, 611, 618, 626, 634, 638, 647, 653, 668, 678, 690, 723, 751, 762, 771, 775, 780, 783, 793, 799, 817, 843, 855, 862, 874, 891, 896, 902, 916, 930, 938, 945, 952, 960, 969, 991, 1000, 1010, 1017, 1022, 1031, 1034, 1040, 1048, 1056, 1062, 1069, 1079, 1086, 1094, 1102, 1120, 1128, 1135, 1158, 1165, 1181, 1189, 1198, 1206, 1213, 1223, 1235, 1252, 1262, 1269, 1285, 1293, 1301, 1309, 1317, 1324, 1327, 1339, 1342, 1348, 1355, 1364, 1371, 1378, 1386, 1401, 1413, 1430, 1442, 1448, 1458, 1465, 1476, 1482, 1491, 1498, 1507, 1515, 1522, 1530, 1534, 1545, 1551, 1562, 1566, 1576, 1586, 1599, 1609, 1617, 1625, 1632, 1648, 1655, 1663, 1670, 1686, 1689, 1706]

Confronto tra le Medie degli Array di Onset: 11.193988452394365

Media dei confronti tra onset (in frame) vicini8: 2.7254901960784315
In percentuale con il fattore di vicinanza per la comparazione: 34.068627450980394%



-----------------------------------------------------------

Traccia numero 11: trumpet

-----------------------------------------------------------
Numero di Onset di Librosa: 
16
Numero di Onset dell'Implementazione: 
7
Differenza in Percentuale: 
56.25%

Librosa: 
[3, 10, 17, 26, 32, 40, 45, 48, 61, 72, 81, 88, 95, 102, 110, 130]
Implementazione: 
[7, 10, 47, 60, 72, 87, 102]

Confronto tra le Medie degli Array di Onset: 5.0

Media dei confronti tra onset (in frame) vicini8: 3.0
In percentuale con il fattore di vicinanza per la comparazione: 37.5%



-----------------------------------------------------------

Traccia numero 12: vibeace

-----------------------------------------------------------
Numero di Onset di Librosa: 
188
Numero di Onset dell'Implementazione: 
135
Differenza in Percentuale: 
28.191489361702125%

Librosa: 
[4, 22, 47, 52, 72, 83, 102, 132, 142, 162, 181, 206, 211, 261, 286, 301, 320, 331, 337, 340, 348, 357, 368, 370, 377, 382, 396, 401, 411, 416, 420, 435, 445, 456, 460, 471, 476, 480, 499, 510, 515, 526, 529, 535, 540, 555, 560, 575, 579, 590, 608, 625, 635, 639, 649, 658, 673, 678, 683, 689, 698, 708, 713, 718, 728, 733, 737, 748, 752, 762, 767, 777, 788, 793, 798, 808, 817, 832, 837, 842, 844, 848, 857, 867, 872, 877, 892, 896, 907, 911, 921, 926, 936, 947, 952, 957, 967, 976, 991, 1001, 1007, 1016, 1026, 1031, 1036, 1051, 1055, 1066, 1070, 1081, 1085, 1095, 1106, 1111, 1116, 1126, 1135, 1150, 1160, 1162, 1166, 1175, 1185, 1190, 1195, 1205, 1210, 1214, 1225, 1229, 1240, 1244, 1254, 1265, 1270, 1275, 1285, 1294, 1309, 1319, 1321, 1325, 1334, 1344, 1349, 1354, 1373, 1384, 1389, 1399, 1403, 1413, 1424, 1429, 1434, 1444, 1453, 1468, 1478, 1484, 1493, 1503, 1508, 1513, 1532, 1543, 1548, 1558, 1562, 1572, 1583, 1588, 1593, 1603, 1612, 1627, 1632, 1638, 1643, 1652, 1662, 1667, 1672, 1691, 1702, 1707, 1717, 1721]
Implementazione: 
[21, 42, 71, 101, 112, 132, 141, 152, 161, 201, 210, 231, 251, 260, 271, 291, 300, 311, 360, 369, 381, 390, 430, 439, 450, 459, 470, 479, 499, 519, 528, 549, 569, 578, 589, 599, 608, 619, 638, 658, 670, 682, 687, 698, 703, 707, 717, 724, 732, 736, 753, 777, 787, 796, 817, 841, 846, 857, 866, 876, 883, 891, 895, 912, 936, 946, 955, 976, 1000, 1005, 1016, 1025, 1035, 1042, 1050, 1054, 1071, 1095, 1105, 1114, 1124, 1135, 1160, 1164, 1172, 1175, 1184, 1194, 1201, 1209, 1230, 1254, 1264, 1271, 1274, 1294, 1318, 1323, 1334, 1343, 1353, 1360, 1368, 1372, 1389, 1399, 1413, 1423, 1432, 1446, 1453, 1468, 1477, 1482, 1493, 1502, 1512, 1519, 1527, 1548, 1572, 1582, 1591, 1595, 1601, 1605, 1637, 1641, 1652, 1661, 1671, 1678, 1686, 1707, 1717]

Confronto tra le Medie degli Array di Onset: 4.168085106383046

Media dei confronti tra onset (in frame) vicini8: 2.4761904761904763
In percentuale con il fattore di vicinanza per la comparazione: 30.952380952380953%
