


-----------------------------------------------------------

Traccia numero 0: brahms

-----------------------------------------------------------
Numero di Onset di Librosa: 
70
Numero di Onset dell'Implementazione: 
161
Differenza in Percentuale: 
56.52173913043478%

Librosa: 
[6, 13, 42, 62, 80, 116, 144, 160, 170, 205, 229, 266, 299, 317, 336, 354, 368, 378, 403, 436, 453, 470, 486, 503, 540, 560, 609, 630, 664, 680, 697, 727, 757, 847, 858, 903, 931, 956, 983, 1011, 1028, 1043, 1063, 1115, 1168, 1234, 1277, 1318, 1363, 1375, 1387, 1427, 1444, 1497, 1521, 1528, 1541, 1555, 1563, 1598, 1612, 1628, 1645, 1685, 1700, 1716, 1810, 1850, 1860, 1871]
Implementazione: 
[13, 14, 15, 29, 35, 36, 49, 50, 54, 55, 61, 70, 72, 76, 89, 98, 107, 125, 126, 133, 142, 161, 162, 173, 179, 187, 189, 197, 204, 218, 229, 230, 231, 247, 248, 278, 299, 315, 316, 334, 359, 362, 369, 403, 435, 452, 453, 461, 484, 485, 501, 502, 505, 515, 520, 521, 538, 539, 558, 559, 611, 613, 624, 627, 631, 637, 640, 649, 653, 658, 665, 680, 682, 686, 692, 697, 699, 704, 737, 756, 771, 780, 786, 787, 801, 808, 859, 868, 874, 886, 889, 899, 904, 914, 916, 922, 930, 931, 955, 983, 990, 1012, 1014, 1022, 1036, 1052, 1063, 1072, 1135, 1136, 1144, 1145, 1150, 1167, 1194, 1198, 1199, 1217, 1233, 1246, 1248, 1283, 1284, 1285, 1297, 1387, 1391, 1415, 1496, 1497, 1519, 1521, 1522, 1530, 1541, 1542, 1550, 1554, 1555, 1556, 1563, 1569, 1574, 1584, 1585, 1598, 1611, 1612, 1613, 1614, 1627, 1628, 1629, 1643, 1644, 1645, 1646, 1653, 1699, 1728, 1778]

Confronto tra le Medie degli Array di Onset: 82.30621118012425

Media dei confronti tra onset (in frame) vicini8: 2.576923076923077
In percentuale con il fattore di vicinanza per la comparazione: 32.21153846153847%



-----------------------------------------------------------

Traccia numero 1: choice

-----------------------------------------------------------
Numero di Onset di Librosa: 
98
Numero di Onset dell'Implementazione: 
69
Differenza in Percentuale: 
29.591836734693878%

Librosa: 
[3, 21, 26, 38, 40, 59, 68, 77, 88, 95, 105, 115, 135, 144, 153, 173, 183, 191, 211, 220, 230, 239, 248, 258, 267, 278, 287, 305, 325, 332, 343, 363, 372, 381, 392, 400, 411, 419, 439, 449, 457, 475, 477, 487, 495, 515, 524, 533, 542, 552, 558, 563, 571, 580, 590, 610, 621, 628, 636, 647, 667, 676, 685, 694, 705, 711, 720, 723, 743, 752, 760, 762, 779, 790, 799, 819, 828, 837, 847, 856, 867, 875, 895, 914, 922, 933, 941, 951, 971, 980, 989, 1000, 1008, 1019, 1027, 1046, 1057, 1065]
Implementazione: 
[2, 27, 39, 67, 77, 86, 87, 94, 103, 115, 173, 183, 185, 190, 219, 238, 239, 247, 248, 258, 267, 304, 305, 331, 334, 343, 380, 381, 392, 398, 419, 457, 486, 493, 495, 523, 539, 557, 571, 580, 595, 635, 636, 647, 675, 685, 693, 694, 722, 723, 760, 761, 788, 799, 827, 847, 856, 866, 875, 895, 913, 940, 951, 989, 999, 1000, 1018, 1027, 1065]

Confronto tra le Medie degli Array di Onset: 24.5133096716948

Media dei confronti tra onset (in frame) vicini8: 1.3728813559322033
In percentuale con il fattore di vicinanza per la comparazione: 17.16101694915254%



-----------------------------------------------------------

Traccia numero 2: fishin

-----------------------------------------------------------
Numero di Onset di Librosa: 
387
Numero di Onset dell'Implementazione: 
318
Differenza in Percentuale: 
17.829457364341085%

Librosa: 
[10, 19, 25, 34, 48, 55, 70, 78, 83, 91, 106, 113, 121, 128, 142, 164, 171, 179, 186, 201, 208, 222, 230, 238, 245, 258, 267, 280, 287, 303, 316, 324, 339, 347, 375, 397, 405, 420, 434, 442, 457, 464, 478, 507, 522, 528, 557, 581, 587, 594, 610, 616, 625, 638, 652, 666, 710, 726, 735, 749, 756, 771, 785, 806, 815, 829, 843, 865, 873, 887, 895, 903, 910, 924, 938, 945, 960, 974, 982, 989, 1000, 1009, 1018, 1025, 1038, 1048, 1054, 1062, 1069, 1078, 1086, 1092, 1098, 1118, 1134, 1140, 1149, 1178, 1187, 1194, 1201, 1215, 1223, 1238, 1246, 1252, 1260, 1274, 1282, 1295, 1311, 1334, 1340, 1354, 1362, 1369, 1376, 1391, 1412, 1427, 1449, 1458, 1486, 1507, 1515, 1522, 1529, 1543, 1580, 1603, 1624, 1632, 1645, 1660, 1682, 1690, 1695, 1705, 1719, 1727, 1749, 1778, 1807, 1814, 1822, 1835, 1852, 1859, 1865, 1879, 1881, 1894, 1908, 1916, 1924, 1930, 1939, 1952, 1967, 1976, 1998, 2011, 2026, 2041, 2055, 2069, 2078, 2092, 2099, 2113, 2127, 2157, 2170, 2186, 2208, 2229, 2258, 2260, 2275, 2289, 2297, 2324, 2332, 2347, 2355, 2361, 2369, 2384, 2391, 2405, 2413, 2419, 2435, 2441, 2449, 2464, 2472, 2478, 2486, 2500, 2508, 2522, 2536, 2544, 2557, 2559, 2566, 2580, 2589, 2595, 2602, 2618, 2624, 2638, 2647, 2653, 2675, 2683, 2697, 2706, 2712, 2719, 2741, 2748, 2755, 2771, 2778, 2786, 2814, 2828, 2843, 2851, 2871, 2880, 2886, 2900, 2915, 2928, 2931, 2946, 2953, 2968, 2975, 2989, 3005, 3012, 3026, 3032, 3048, 3056, 3062, 3069, 3084, 3092, 3106, 3115, 3120, 3129, 3142, 3150, 3164, 3172, 3179, 3187, 3201, 3209, 3223, 3229, 3236, 3244, 3252, 3265, 3280, 3287, 3310, 3318, 3326, 3340, 3347, 3354, 3359, 3383, 3399, 3412, 3418, 3428, 3456, 3471, 3479, 3493, 3500, 3515, 3529, 3537, 3552, 3558, 3573, 3582, 3587, 3603, 3609, 3617, 3631, 3640, 3646, 3654, 3661, 3668, 3676, 3690, 3704, 3719, 3727, 3734, 3763, 3771, 3778, 3785, 3792, 3800, 3807, 3821, 3851, 3858, 3880, 3909, 3923, 3938, 3953, 3959, 3968, 4019, 4026, 4041, 4055, 4068, 4084, 4091, 4099, 4113, 4128, 4142, 4157, 4172, 4185, 4201, 4209, 4216, 4229, 4244, 4252, 4260, 4275, 4288, 4303, 4318, 4332, 4346, 4354, 4362, 4369, 4376, 4390, 4405, 4428, 4435, 4446, 4464, 4494, 4508, 4536, 4574, 4603, 4610, 4625, 4633, 4639, 4646, 4654, 4668, 4683, 4691, 4697, 4705, 4713, 4719, 4726]
Implementazione: 
[10, 25, 32, 54, 55, 69, 113, 126, 127, 171, 178, 184, 186, 208, 222, 244, 265, 266, 288, 346, 359, 360, 361, 382, 404, 419, 433, 441, 463, 477, 506, 529, 549, 557, 565, 592, 593, 623, 640, 658, 682, 696, 707, 711, 755, 770, 791, 806, 828, 872, 885, 886, 902, 909, 943, 959, 968, 981, 1003, 1012, 1030, 1031, 1032, 1037, 1041, 1046, 1062, 1075, 1091, 1118, 1120, 1137, 1146, 1163, 1178, 1200, 1215, 1252, 1273, 1280, 1294, 1310, 1353, 1354, 1375, 1391, 1395, 1412, 1421, 1426, 1439, 1457, 1470, 1471, 1492, 1500, 1525, 1544, 1558, 1579, 1595, 1597, 1630, 1631, 1645, 1654, 1659, 1674, 1694, 1704, 1710, 1711, 1718, 1747, 1762, 1763, 1776, 1798, 1806, 1821, 1831, 1877, 1878, 1880, 1907, 1923, 1937, 1953, 1967, 1996, 2009, 2049, 2063, 2071, 2077, 2083, 2112, 2119, 2128, 2140, 2142, 2170, 2183, 2200, 2229, 2257, 2274, 2288, 2303, 2320, 2332, 2345, 2346, 2362, 2368, 2382, 2390, 2404, 2405, 2440, 2463, 2464, 2485, 2521, 2544, 2556, 2565, 2579, 2600, 2601, 2602, 2637, 2638, 2675, 2682, 2696, 2697, 2718, 2733, 2748, 2755, 2777, 2799, 2834, 2842, 2872, 2879, 2893, 2899, 2900, 2901, 2915, 2925, 2930, 2944, 2952, 2959, 2974, 3004, 3025, 3047, 3061, 3063, 3069, 3091, 3105, 3120, 3127, 3142, 3178, 3221, 3222, 3228, 3234, 3241, 3251, 3272, 3280, 3295, 3339, 3345, 3360, 3367, 3382, 3396, 3398, 3411, 3416, 3420, 3425, 3441, 3456, 3477, 3492, 3522, 3528, 3529, 3536, 3558, 3594, 3616, 3631, 3637, 3660, 3716, 3718, 3719, 3748, 3753, 3777, 3784, 3800, 3820, 3850, 3857, 3861, 3864, 3880, 3894, 3901, 3909, 3923, 3928, 3952, 3960, 3972, 3988, 3989, 4010, 4037, 4039, 4053, 4069, 4091, 4098, 4142, 4156, 4165, 4171, 4184, 4186, 4200, 4229, 4243, 4244, 4258, 4274, 4325, 4340, 4361, 4369, 4389, 4390, 4405, 4419, 4427, 4433, 4442, 4447, 4448, 4462, 4463, 4471, 4477, 4493, 4507, 4535, 4550, 4551, 4581, 4620, 4668, 4682, 4683, 4690, 4704, 4725, 4726]

Confronto tra le Medie degli Array di Onset: 62.78672419677241

Media dei confronti tra onset (in frame) vicini8: 3.1265822784810124
In percentuale con il fattore di vicinanza per la comparazione: 39.08227848101266%



-----------------------------------------------------------

Traccia numero 3: humpback

-----------------------------------------------------------
Numero di Onset di Librosa: 
4
Numero di Onset dell'Implementazione: 
62
Differenza in Percentuale: 
93.54838709677419%

Librosa: 
[3, 357, 853, 1694]
Implementazione: 
[2, 78, 82, 83, 105, 200, 210, 216, 225, 249, 259, 382, 383, 389, 394, 398, 411, 578, 591, 592, 602, 676, 679, 686, 689, 700, 714, 808, 841, 842, 858, 951, 954, 956, 1094, 1106, 1118, 1225, 1359, 1364, 1373, 1378, 1385, 1514, 1608, 1616, 1617, 1618, 1622, 1624, 1625, 1861, 1924, 2009, 2010, 2068, 2072, 2074, 2085, 2339, 2412, 2413]

Confronto tra le Medie degli Array di Onset: 310.2822580645161

Media dei confronti tra onset (in frame) vicini8: 3.0
In percentuale con il fattore di vicinanza per la comparazione: 37.5%



-----------------------------------------------------------

Traccia numero 4: libri1

-----------------------------------------------------------
Numero di Onset di Librosa: 
71
Numero di Onset dell'Implementazione: 
66
Differenza in Percentuale: 
7.042253521126761%

Librosa: 
[14, 16, 22, 32, 43, 56, 60, 73, 81, 90, 95, 100, 109, 114, 125, 130, 146, 154, 162, 182, 208, 216, 221, 228, 242, 252, 259, 268, 273, 279, 292, 307, 312, 320, 326, 334, 342, 359, 368, 376, 383, 390, 402, 408, 421, 428, 444, 454, 461, 471, 478, 483, 488, 492, 501, 508, 517, 531, 537, 543, 549, 556, 566, 573, 578, 584, 597, 605, 610, 623, 638]
Implementazione: 
[14, 15, 16, 21, 22, 31, 42, 46, 60, 61, 68, 81, 84, 89, 114, 146, 147, 153, 154, 163, 180, 188, 207, 208, 209, 210, 222, 227, 230, 232, 243, 258, 259, 268, 278, 279, 290, 293, 312, 315, 358, 361, 382, 383, 385, 406, 407, 443, 444, 458, 460, 461, 469, 470, 481, 502, 503, 507, 519, 522, 537, 557, 558, 566, 595, 608]

Confronto tra le Medie degli Array di Onset: 45.14788732394368

Media dei confronti tra onset (in frame) vicini8: 2.7083333333333335
In percentuale con il fattore di vicinanza per la comparazione: 33.85416666666667%



-----------------------------------------------------------

Traccia numero 5: libri2

-----------------------------------------------------------
Numero di Onset di Librosa: 
66
Numero di Onset dell'Implementazione: 
83
Differenza in Percentuale: 
20.481927710843372%

Librosa: 
[11, 24, 31, 35, 41, 48, 60, 66, 83, 110, 128, 136, 141, 152, 173, 180, 185, 192, 199, 202, 234, 236, 240, 253, 263, 276, 279, 290, 296, 305, 314, 317, 327, 330, 335, 343, 357, 366, 376, 378, 391, 397, 428, 444, 453, 459, 475, 485, 522, 532, 541, 560, 586, 591, 600, 609, 622, 632, 634, 648, 654, 663, 678, 687, 692, 696]
Implementazione: 
[10, 11, 14, 15, 17, 24, 34, 47, 48, 50, 60, 69, 128, 129, 140, 151, 164, 172, 173, 183, 184, 192, 197, 198, 201, 238, 239, 246, 251, 252, 262, 264, 267, 275, 278, 280, 281, 290, 295, 304, 328, 334, 341, 366, 375, 376, 377, 386, 387, 388, 389, 427, 428, 433, 435, 439, 453, 461, 470, 475, 500, 525, 526, 531, 546, 553, 555, 558, 559, 578, 579, 580, 597, 598, 599, 621, 622, 634, 644, 654, 685, 686, 695]

Confronto tra le Medie degli Array di Onset: 7.0713764147499205

Media dei confronti tra onset (in frame) vicini8: 2.8867924528301887
In percentuale con il fattore di vicinanza per la comparazione: 36.08490566037736%



-----------------------------------------------------------

Traccia numero 6: libri3

-----------------------------------------------------------
Numero di Onset di Librosa: 
68
Numero di Onset dell'Implementazione: 
70
Differenza in Percentuale: 
2.857142857142857%

Librosa: 
[3, 22, 34, 39, 44, 54, 57, 64, 73, 81, 86, 92, 101, 107, 128, 134, 140, 151, 159, 164, 169, 176, 178, 185, 193, 202, 211, 217, 223, 234, 248, 256, 263, 272, 279, 285, 297, 304, 315, 321, 332, 339, 346, 364, 386, 392, 403, 414, 418, 424, 429, 437, 456, 462, 467, 469, 472, 484, 494, 506, 516, 525, 534, 542, 548, 559, 571, 581]
Implementazione: 
[21, 22, 33, 36, 38, 56, 57, 63, 64, 65, 74, 75, 80, 81, 85, 98, 127, 128, 140, 155, 156, 158, 167, 168, 186, 191, 202, 219, 222, 248, 256, 258, 271, 278, 279, 280, 283, 288, 298, 303, 304, 310, 321, 331, 338, 345, 393, 394, 402, 408, 409, 427, 428, 432, 436, 456, 461, 468, 484, 494, 495, 515, 516, 524, 540, 541, 557, 558, 569, 570]

Confronto tra le Medie degli Array di Onset: 5.25

Media dei confronti tra onset (in frame) vicini8: 2.327272727272727
In percentuale con il fattore di vicinanza per la comparazione: 29.09090909090909%



-----------------------------------------------------------

Traccia numero 7: nutcracker

-----------------------------------------------------------
Numero di Onset di Librosa: 
296
Numero di Onset dell'Implementazione: 
307
Differenza in Percentuale: 
3.5830618892508146%

Librosa: 
[51, 74, 100, 123, 149, 172, 198, 220, 246, 270, 295, 319, 343, 367, 393, 415, 439, 461, 473, 485, 507, 531, 553, 577, 589, 600, 623, 635, 646, 669, 681, 692, 715, 727, 738, 751, 762, 810, 831, 856, 877, 900, 923, 946, 958, 969, 992, 1004, 1015, 1038, 1051, 1061, 1085, 1107, 1130, 1161, 1174, 1178, 1201, 1213, 1225, 1248, 1272, 1296, 1320, 1344, 1368, 1392, 1414, 1437, 1459, 1472, 1482, 1505, 1534, 1545, 1551, 1572, 1595, 1617, 1664, 1688, 1711, 1758, 1771, 1782, 1805, 1829, 1852, 1865, 1871, 1875, 1899, 1935, 1959, 1970, 1982, 2006, 2018, 2029, 2042, 2052, 2064, 2087, 2095, 2103, 2109, 2118, 2132, 2147, 2155, 2162, 2177, 2192, 2199, 2208, 2215, 2222, 2229, 2265, 2346, 2450, 2459, 2474, 2483, 2490, 2498, 2521, 2537, 2544, 2553, 2561, 2568, 2584, 2591, 2600, 2614, 2624, 2631, 2638, 2695, 2717, 2728, 2763, 2786, 2797, 2809, 2819, 2854, 2909, 2933, 2955, 2978, 3001, 3012, 3019, 3024, 3043, 3048, 3051, 3054, 3082, 3085, 3100, 3110, 3115, 3120, 3142, 3150, 3169, 3174, 3199, 3203, 3210, 3223, 3229, 3233, 3241, 3255, 3259, 3268, 3273, 3284, 3290, 3295, 3301, 3317, 3328, 3344, 3350, 3356, 3371, 3379, 3385, 3391, 3400, 3409, 3421, 3431, 3439, 3450, 3461, 3467, 3480, 3496, 3508, 3521, 3533, 3546, 3559, 3573, 3585, 3598, 3611, 3625, 3637, 3650, 3663, 3675, 3688, 3701, 3714, 3727, 3739, 3753, 3765, 3778, 3791, 3804, 3816, 3840, 3866, 3878, 3915, 3928, 3940, 3952, 3965, 3977, 3989, 4002, 4014, 4026, 4038, 4051, 4062, 4087, 4099, 4111, 4123, 4135, 4147, 4159, 4171, 4183, 4195, 4207, 4219, 4231, 4244, 4255, 4267, 4303, 4316, 4327, 4339, 4351, 4364, 4374, 4387, 4399, 4411, 4422, 4435, 4447, 4458, 4470, 4483, 4494, 4506, 4518, 4530, 4542, 4554, 4566, 4579, 4590, 4603, 4614, 4626, 4638, 4680, 4686, 4709, 4721, 4733]
Implementazione: 
[123, 172, 197, 222, 343, 368, 508, 531, 555, 579, 602, 624, 668, 715, 728, 738, 808, 830, 831, 853, 854, 877, 878, 902, 923, 946, 948, 959, 969, 992, 993, 1015, 1038, 1040, 1062, 1084, 1106, 1107, 1131, 1134, 1200, 1214, 1224, 1249, 1271, 1272, 1295, 1296, 1297, 1318, 1338, 1345, 1368, 1397, 1414, 1416, 1436, 1459, 1460, 1482, 1505, 1539, 1554, 1557, 1574, 1618, 1619, 1631, 1663, 1664, 1666, 1688, 1690, 1711, 1718, 1739, 1749, 1771, 1790, 1804, 1805, 1807, 1810, 1817, 1851, 1852, 1857, 1877, 1898, 1899, 1903, 1912, 1948, 1969, 2018, 2042, 2065, 2087, 2102, 2111, 2177, 2192, 2206, 2207, 2216, 2222, 2230, 2266, 2267, 2270, 2273, 2290, 2318, 2333, 2335, 2370, 2381, 2386, 2405, 2412, 2425, 2427, 2449, 2450, 2451, 2453, 2466, 2474, 2478, 2499, 2512, 2522, 2543, 2545, 2557, 2569, 2574, 2579, 2585, 2586, 2593, 2615, 2637, 2638, 2639, 2661, 2683, 2705, 2707, 2728, 2729, 2733, 2772, 2774, 2818, 2819, 2820, 2835, 2844, 2888, 2909, 2910, 2911, 2931, 2940, 2952, 2956, 2957, 2969, 2971, 3003, 3011, 3012, 3013, 3015, 3029, 3033, 3044, 3073, 3075, 3076, 3092, 3096, 3105, 3129, 3130, 3132, 3154, 3163, 3182, 3192, 3198, 3215, 3216, 3224, 3247, 3249, 3274, 3276, 3297, 3306, 3307, 3309, 3311, 3333, 3334, 3336, 3342, 3362, 3378, 3381, 3382, 3417, 3442, 3448, 3461, 3475, 3495, 3508, 3523, 3533, 3546, 3560, 3572, 3573, 3585, 3624, 3626, 3638, 3639, 3650, 3663, 3680, 3688, 3701, 3715, 3728, 3741, 3754, 3765, 3779, 3792, 3804, 3816, 3818, 3843, 3915, 3917, 3927, 3928, 3940, 3952, 3965, 3989, 4001, 4013, 4015, 4037, 4039, 4062, 4063, 4074, 4116, 4135, 4136, 4159, 4160, 4173, 4206, 4207, 4232, 4233, 4235, 4256, 4267, 4303, 4307, 4314, 4315, 4340, 4376, 4386, 4401, 4411, 4422, 4424, 4436, 4446, 4448, 4451, 4462, 4470, 4494, 4496, 4507, 4508, 4541, 4542, 4568, 4589, 4604, 4615, 4640, 4709, 4711, 4724, 4735]

Confronto tra le Medie degli Array di Onset: 64.47900343340098

Media dei confronti tra onset (in frame) vicini8: 1.9230769230769231
In percentuale con il fattore di vicinanza per la comparazione: 24.03846153846154%



-----------------------------------------------------------

Traccia numero 8: pistachio

-----------------------------------------------------------
Numero di Onset di Librosa: 
253
Numero di Onset dell'Implementazione: 
250
Differenza in Percentuale: 
1.185770750988142%

Librosa: 
[5, 17, 23, 33, 59, 76, 94, 105, 129, 148, 166, 175, 202, 220, 237, 255, 273, 292, 304, 309, 320, 345, 363, 381, 390, 416, 434, 452, 470, 487, 504, 521, 530, 559, 579, 596, 614, 632, 651, 671, 681, 698, 705, 723, 741, 751, 769, 776, 792, 811, 829, 848, 862, 866, 884, 895, 902, 911, 920, 928, 937, 951, 956, 965, 974, 982, 991, 1000, 1010, 1027, 1038, 1046, 1059, 1065, 1082, 1101, 1111, 1119, 1138, 1155, 1167, 1173, 1182, 1191, 1209, 1219, 1227, 1237, 1245, 1254, 1262, 1272, 1281, 1289, 1298, 1307, 1315, 1324, 1333, 1343, 1350, 1360, 1368, 1385, 1394, 1402, 1411, 1420, 1438, 1457, 1467, 1475, 1485, 1494, 1502, 1511, 1529, 1538, 1547, 1556, 1564, 1573, 1582, 1591, 1600, 1608, 1617, 1627, 1635, 1643, 1652, 1671, 1683, 1688, 1697, 1706, 1715, 1724, 1742, 1752, 1769, 1779, 1795, 1813, 1822, 1839, 1849, 1867, 1886, 1896, 1916, 1924, 1933, 1942, 1960, 1979, 1998, 2011, 2017, 2030, 2035, 2045, 2054, 2062, 2071, 2079, 2089, 2107, 2116, 2125, 2134, 2142, 2151, 2160, 2178, 2188, 2196, 2207, 2213, 2231, 2240, 2249, 2257, 2266, 2274, 2283, 2292, 2301, 2311, 2319, 2329, 2337, 2346, 2355, 2364, 2373, 2381, 2390, 2399, 2408, 2417, 2425, 2443, 2461, 2470, 2479, 2488, 2497, 2506, 2515, 2534, 2543, 2552, 2560, 2569, 2578, 2587, 2605, 2613, 2623, 2632, 2641, 2649, 2658, 2667, 2676, 2685, 2693, 2703, 2712, 2721, 2730, 2749, 2765, 2783, 2801, 2818, 2827, 2857, 2875, 2893, 2902, 2911, 2921, 2929, 2947, 2956, 2965, 2974, 2983, 3001, 3019, 3038]
Implementazione: 
[5, 6, 17, 22, 59, 75, 77, 95, 104, 105, 129, 147, 165, 166, 175, 201, 203, 219, 255, 273, 292, 303, 308, 319, 345, 362, 380, 391, 416, 433, 451, 469, 470, 486, 503, 520, 558, 559, 578, 614, 632, 650, 651, 669, 670, 680, 698, 722, 740, 750, 768, 769, 775, 791, 792, 810, 829, 847, 861, 866, 884, 894, 902, 920, 928, 936, 937, 951, 956, 973, 990, 999, 1009, 1026, 1037, 1059, 1064, 1083, 1095, 1101, 1110, 1137, 1154, 1155, 1172, 1181, 1182, 1191, 1218, 1226, 1227, 1245, 1262, 1280, 1299, 1314, 1332, 1341, 1342, 1350, 1368, 1402, 1411, 1419, 1420, 1437, 1438, 1439, 1457, 1466, 1475, 1493, 1511, 1538, 1546, 1555, 1564, 1581, 1583, 1599, 1607, 1608, 1617, 1626, 1652, 1671, 1688, 1696, 1705, 1714, 1715, 1724, 1742, 1750, 1751, 1768, 1769, 1778, 1794, 1795, 1812, 1822, 1839, 1849, 1866, 1867, 1887, 1915, 1923, 1941, 1959, 1960, 1978, 1997, 2016, 2020, 2036, 2045, 2053, 2070, 2071, 2088, 2106, 2115, 2124, 2141, 2159, 2160, 2177, 2188, 2196, 2206, 2207, 2213, 2231, 2240, 2248, 2256, 2265, 2300, 2310, 2319, 2328, 2336, 2337, 2354, 2372, 2381, 2389, 2390, 2399, 2416, 2425, 2444, 2461, 2469, 2470, 2478, 2479, 2487, 2496, 2497, 2505, 2514, 2515, 2533, 2542, 2543, 2551, 2560, 2569, 2578, 2587, 2631, 2640, 2657, 2658, 2660, 2667, 2675, 2676, 2684, 2693, 2702, 2711, 2720, 2748, 2749, 2764, 2765, 2783, 2800, 2801, 2818, 2827, 2829, 2856, 2857, 2892, 2901, 2910, 2911, 2929, 2947, 2964, 2965, 2983, 3001, 3019, 3037]

Confronto tra le Medie degli Array di Onset: 4.5785454545455195

Media dei confronti tra onset (in frame) vicini8: 0.9552238805970149
In percentuale con il fattore di vicinanza per la comparazione: 11.940298507462686%



-----------------------------------------------------------

Traccia numero 9: robin

-----------------------------------------------------------
Numero di Onset di Librosa: 
13
Numero di Onset dell'Implementazione: 
15
Differenza in Percentuale: 
13.333333333333334%

Librosa: 
[4, 8, 14, 22, 36, 39, 52, 57, 66, 72, 75, 82, 85]
Implementazione: 
[7, 8, 9, 10, 21, 22, 24, 36, 57, 58, 59, 63, 71, 72, 85]

Confronto tra le Medie degli Array di Onset: 6.943589743589747

Media dei confronti tra onset (in frame) vicini8: 2.6
In percentuale con il fattore di vicinanza per la comparazione: 32.5%



-----------------------------------------------------------

Traccia numero 10: sweetwaltz

-----------------------------------------------------------
Numero di Onset di Librosa: 
165
Numero di Onset dell'Implementazione: 
180
Differenza in Percentuale: 
8.333333333333332%

Librosa: 
[18, 35, 53, 70, 87, 104, 122, 139, 156, 173, 191, 208, 225, 242, 259, 277, 294, 311, 328, 345, 363, 380, 397, 414, 432, 449, 466, 483, 501, 518, 535, 552, 569, 587, 604, 621, 638, 656, 673, 690, 707, 724, 742, 759, 776, 794, 811, 828, 845, 862, 880, 897, 914, 931, 948, 966, 983, 1000, 1018, 1035, 1052, 1069, 1086, 1104, 1121, 1138, 1155, 1173, 1190, 1207, 1224, 1241, 1259, 1276, 1293, 1310, 1327, 1337, 1345, 1354, 1362, 1379, 1389, 1396, 1406, 1414, 1423, 1431, 1440, 1448, 1457, 1465, 1475, 1483, 1492, 1500, 1509, 1517, 1526, 1534, 1544, 1551, 1561, 1569, 1578, 1586, 1595, 1603, 1612, 1620, 1629, 1637, 1647, 1655, 1664, 1672, 1681, 1689, 1699, 1706, 1716, 1724, 1733, 1741, 1750, 1758, 1767, 1775, 1785, 1793, 1802, 1810, 1819, 1827, 1836, 1844, 1854, 1861, 1871, 1879, 1888, 1896, 1905, 1913, 1922, 1930, 1940, 1948, 1957, 1965, 1974, 1982, 1991, 1999, 2009, 2017, 2026, 2034, 2043, 2051, 2060, 2069, 2078, 2086, 2095]
Implementazione: 
[2, 17, 18, 35, 52, 104, 121, 156, 172, 173, 190, 207, 242, 259, 276, 310, 327, 328, 343, 362, 431, 445, 464, 482, 483, 500, 516, 517, 534, 550, 552, 557, 561, 562, 581, 592, 596, 599, 618, 626, 634, 638, 640, 643, 647, 651, 653, 668, 678, 690, 723, 746, 751, 754, 771, 783, 793, 799, 844, 862, 866, 874, 883, 896, 902, 903, 915, 916, 930, 938, 945, 952, 953, 960, 961, 969, 991, 1000, 1001, 1002, 1017, 1024, 1031, 1032, 1034, 1040, 1056, 1062, 1069, 1080, 1086, 1103, 1120, 1121, 1135, 1137, 1158, 1159, 1165, 1167, 1181, 1189, 1191, 1206, 1213, 1223, 1224, 1236, 1252, 1261, 1262, 1293, 1301, 1309, 1310, 1327, 1339, 1348, 1355, 1364, 1371, 1372, 1378, 1379, 1386, 1388, 1401, 1413, 1430, 1450, 1465, 1468, 1482, 1498, 1499, 1516, 1517, 1522, 1530, 1534, 1546, 1551, 1562, 1566, 1570, 1576, 1577, 1586, 1601, 1609, 1617, 1648, 1655, 1663, 1671, 1672, 1688, 1689, 1706, 1723, 1741, 1757, 1758, 1774, 1775, 1792, 1827, 1844, 1861, 1913, 1930, 1947, 1964, 1982, 1998, 1999, 2016, 2050, 2051, 2053]

Confronto tra le Medie degli Array di Onset: 151.69898989899002

Media dei confronti tra onset (in frame) vicini8: 2.764705882352941
In percentuale con il fattore di vicinanza per la comparazione: 34.55882352941176%



-----------------------------------------------------------

Traccia numero 11: trumpet

-----------------------------------------------------------
Numero di Onset di Librosa: 
16
Numero di Onset dell'Implementazione: 
13
Differenza in Percentuale: 
18.75%

Librosa: 
[3, 10, 17, 26, 32, 40, 45, 48, 61, 72, 81, 88, 95, 102, 110, 130]
Implementazione: 
[7, 10, 42, 47, 60, 72, 73, 74, 87, 88, 102, 106, 112]

Confronto tra le Medie degli Array di Onset: 7.692307692307693

Media dei confronti tra onset (in frame) vicini8: 2.5454545454545454
In percentuale con il fattore di vicinanza per la comparazione: 31.818181818181817%



-----------------------------------------------------------

Traccia numero 12: vibeace

-----------------------------------------------------------
Numero di Onset di Librosa: 
284
Numero di Onset dell'Implementazione: 
207
Differenza in Percentuale: 
27.11267605633803%

Librosa: 
[4, 22, 47, 52, 72, 83, 102, 132, 142, 162, 181, 206, 211, 261, 286, 301, 320, 331, 337, 340, 348, 357, 368, 370, 377, 382, 396, 401, 411, 416, 420, 435, 445, 456, 460, 471, 476, 480, 499, 510, 515, 526, 529, 535, 540, 555, 560, 575, 579, 590, 608, 625, 635, 639, 649, 658, 673, 678, 683, 689, 698, 708, 713, 718, 728, 733, 737, 748, 752, 762, 767, 777, 788, 793, 798, 808, 817, 832, 837, 842, 844, 848, 857, 867, 872, 877, 892, 896, 907, 911, 921, 926, 936, 947, 952, 957, 967, 976, 991, 1001, 1007, 1016, 1026, 1031, 1036, 1051, 1055, 1066, 1070, 1081, 1085, 1095, 1106, 1111, 1116, 1126, 1135, 1150, 1160, 1162, 1166, 1175, 1185, 1190, 1195, 1205, 1210, 1214, 1225, 1229, 1240, 1244, 1254, 1265, 1270, 1275, 1285, 1294, 1309, 1319, 1321, 1325, 1334, 1344, 1349, 1354, 1373, 1384, 1389, 1399, 1403, 1413, 1424, 1429, 1434, 1444, 1453, 1468, 1478, 1484, 1493, 1503, 1508, 1513, 1532, 1543, 1548, 1558, 1562, 1572, 1583, 1588, 1593, 1603, 1612, 1627, 1632, 1638, 1643, 1652, 1662, 1667, 1672, 1691, 1702, 1707, 1717, 1721, 1731, 1747, 1752, 1762, 1771, 1786, 1797, 1802, 1811, 1821, 1826, 1831, 1850, 1861, 1865, 1871, 1880, 1890, 1906, 1911, 1921, 1930, 1945, 1955, 1960, 1965, 1970, 1975, 1980, 1990, 2000, 2005, 2010, 2020, 2025, 2035, 2045, 2050, 2060, 2069, 2089, 2104, 2114, 2119, 2124, 2129, 2139, 2149, 2159, 2164, 2169, 2179, 2184, 2194, 2204, 2209, 2214, 2219, 2228, 2248, 2263, 2273, 2278, 2288, 2298, 2308, 2318, 2323, 2328, 2338, 2343, 2353, 2363, 2368, 2373, 2378, 2388, 2398, 2407, 2422, 2432, 2437, 2447, 2457, 2467, 2477, 2482, 2487, 2497, 2502, 2512, 2522, 2527, 2537, 2547, 2566]
Implementazione: 
[3, 21, 42, 71, 72, 101, 112, 132, 152, 161, 162, 201, 210, 231, 251, 260, 271, 291, 311, 360, 369, 381, 390, 430, 439, 450, 459, 460, 470, 480, 499, 519, 528, 549, 569, 578, 589, 599, 608, 619, 638, 639, 658, 659, 682, 683, 687, 698, 707, 708, 717, 732, 736, 753, 770, 777, 787, 788, 796, 817, 842, 846, 857, 866, 867, 876, 891, 895, 936, 946, 947, 955, 976, 1000, 1001, 1005, 1016, 1025, 1026, 1035, 1042, 1050, 1054, 1095, 1105, 1106, 1114, 1135, 1160, 1164, 1175, 1184, 1185, 1194, 1209, 1254, 1264, 1275, 1294, 1318, 1319, 1323, 1334, 1343, 1344, 1353, 1360, 1368, 1372, 1413, 1423, 1424, 1432, 1453, 1477, 1478, 1482, 1502, 1512, 1527, 1548, 1572, 1582, 1583, 1591, 1595, 1637, 1641, 1661, 1662, 1671, 1678, 1686, 1707, 1731, 1741, 1752, 1771, 1796, 1800, 1820, 1821, 1830, 1844, 1845, 1849, 1866, 1879, 1910, 1911, 1914, 1931, 1955, 1979, 1980, 1990, 2004, 2025, 2035, 2059, 2060, 2070, 2089, 2090, 2114, 2129, 2138, 2139, 2149, 2163, 2167, 2184, 2208, 2218, 2219, 2227, 2228, 2229, 2248, 2249, 2273, 2288, 2289, 2297, 2298, 2308, 2309, 2322, 2343, 2377, 2378, 2386, 2407, 2408, 2432, 2437, 2438, 2439, 2448, 2456, 2457, 2467, 2468, 2502, 2526, 2547, 2567]

Confronto tra le Medie degli Array di Onset: 6.691484656732655

Media dei confronti tra onset (in frame) vicini8: 2.2209302325581395
In percentuale con il fattore di vicinanza per la comparazione: 27.761627906976745%
