


-----------------------------------------------------------

Traccia numero 0: brahms

-----------------------------------------------------------
Numero di Onset di Librosa: 
55
Numero di Onset dell'Implementazione: 
131
Differenza in Percentuale: 
58.01526717557252%

Librosa: 
[6, 13, 24, 42, 62, 80, 109, 116, 144, 160, 170, 205, 229, 266, 299, 317, 336, 354, 368, 378, 403, 436, 453, 470, 486, 498, 503, 540, 559, 609, 612, 630, 664, 680, 697, 727, 757, 789, 802, 832, 846, 858, 903, 915, 931, 956, 983, 1011, 1028, 1043, 1063, 1115, 1168, 1234, 1277]
Implementazione: 
[13, 14, 15, 29, 35, 36, 49, 50, 54, 55, 61, 70, 72, 76, 89, 98, 107, 125, 126, 133, 142, 161, 162, 173, 179, 187, 189, 197, 204, 218, 219, 229, 230, 231, 247, 248, 263, 278, 299, 315, 316, 334, 359, 362, 369, 403, 435, 452, 453, 461, 470, 484, 485, 501, 502, 505, 515, 520, 521, 537, 538, 539, 558, 559, 611, 613, 624, 627, 631, 637, 640, 649, 653, 658, 665, 680, 682, 686, 692, 697, 699, 704, 733, 737, 756, 771, 780, 786, 787, 801, 808, 859, 868, 874, 886, 889, 899, 904, 914, 916, 922, 930, 931, 955, 977, 983, 990, 1012, 1014, 1022, 1036, 1052, 1063, 1072, 1135, 1136, 1144, 1145, 1150, 1167, 1194, 1198, 1199, 1217, 1233, 1240, 1246, 1248, 1283, 1284, 1285]

Confronto tra le Medie degli Array di Onset: 29.977654406662054

Media dei confronti tra onset (in frame) vicini8: 2.673469387755102
In percentuale con il fattore di vicinanza per la comparazione: 33.41836734693878%



-----------------------------------------------------------

Traccia numero 1: choice

-----------------------------------------------------------
Numero di Onset di Librosa: 
98
Numero di Onset dell'Implementazione: 
69
Differenza in Percentuale: 
29.591836734693878%

Librosa: 
[3, 21, 26, 38, 40, 59, 68, 77, 88, 95, 105, 115, 135, 144, 153, 173, 183, 191, 211, 220, 230, 239, 248, 258, 267, 278, 287, 305, 325, 332, 343, 363, 372, 381, 392, 400, 411, 419, 439, 449, 457, 475, 477, 487, 495, 515, 524, 533, 542, 552, 558, 563, 571, 580, 590, 610, 621, 628, 636, 647, 667, 676, 685, 694, 705, 711, 720, 723, 743, 752, 760, 762, 779, 790, 799, 819, 828, 837, 847, 856, 867, 875, 895, 914, 922, 933, 941, 951, 971, 980, 989, 1000, 1008, 1019, 1027, 1046, 1057, 1065]
Implementazione: 
[2, 27, 39, 67, 77, 86, 87, 94, 103, 115, 173, 183, 185, 190, 219, 238, 239, 247, 248, 258, 267, 304, 305, 331, 334, 343, 380, 381, 392, 398, 419, 457, 486, 493, 495, 523, 539, 557, 571, 580, 595, 635, 636, 647, 675, 685, 693, 694, 722, 723, 760, 761, 788, 799, 827, 847, 856, 866, 875, 895, 913, 940, 951, 989, 999, 1000, 1018, 1027, 1065]

Confronto tra le Medie degli Array di Onset: 24.5133096716948

Media dei confronti tra onset (in frame) vicini8: 1.3728813559322033
In percentuale con il fattore di vicinanza per la comparazione: 17.16101694915254%



-----------------------------------------------------------

Traccia numero 2: fishin

-----------------------------------------------------------
Numero di Onset di Librosa: 
109
Numero di Onset dell'Implementazione: 
97
Differenza in Percentuale: 
11.009174311926607%

Librosa: 
[10, 19, 25, 34, 48, 55, 70, 78, 83, 91, 106, 113, 121, 128, 142, 164, 171, 179, 186, 201, 208, 222, 230, 238, 245, 258, 267, 280, 287, 303, 316, 324, 339, 347, 375, 397, 405, 420, 434, 442, 457, 464, 478, 507, 522, 528, 557, 581, 587, 594, 610, 616, 625, 638, 652, 666, 710, 726, 735, 749, 756, 771, 785, 806, 815, 829, 843, 865, 873, 887, 895, 903, 910, 924, 938, 945, 960, 974, 982, 989, 1000, 1009, 1018, 1025, 1038, 1048, 1054, 1062, 1069, 1078, 1086, 1092, 1098, 1118, 1134, 1140, 1149, 1178, 1187, 1194, 1201, 1215, 1223, 1238, 1246, 1252, 1260, 1274, 1282]
Implementazione: 
[9, 10, 25, 32, 48, 54, 55, 61, 69, 106, 113, 126, 127, 135, 171, 178, 184, 186, 208, 222, 244, 265, 266, 288, 346, 359, 360, 361, 382, 387, 397, 404, 419, 425, 433, 441, 454, 463, 477, 506, 529, 549, 557, 564, 565, 592, 593, 623, 640, 658, 677, 682, 696, 707, 711, 725, 755, 770, 791, 806, 828, 842, 872, 885, 886, 902, 909, 943, 959, 967, 968, 981, 1003, 1012, 1030, 1031, 1032, 1037, 1041, 1046, 1062, 1075, 1091, 1118, 1120, 1137, 1146, 1154, 1163, 1178, 1200, 1214, 1215, 1216, 1252, 1273, 1280]

Confronto tra le Medie degli Array di Onset: 11.46987609949872

Media dei confronti tra onset (in frame) vicini8: 3.3972602739726026
In percentuale con il fattore di vicinanza per la comparazione: 42.465753424657535%



-----------------------------------------------------------

Traccia numero 3: humpback

-----------------------------------------------------------
Numero di Onset di Librosa: 
3
Numero di Onset dell'Implementazione: 
39
Differenza in Percentuale: 
92.3076923076923%

Librosa: 
[3, 357, 853]
Implementazione: 
[2, 78, 82, 83, 105, 200, 210, 216, 225, 249, 259, 382, 383, 389, 394, 398, 411, 578, 591, 592, 602, 676, 679, 686, 689, 700, 714, 808, 841, 842, 858, 951, 954, 956, 1084, 1094, 1106, 1118, 1225]

Confronto tra le Medie degli Array di Onset: 170.28205128205133

Media dei confronti tra onset (in frame) vicini8: 1.0
In percentuale con il fattore di vicinanza per la comparazione: 12.5%



-----------------------------------------------------------

Traccia numero 4: libri1

-----------------------------------------------------------
Numero di Onset di Librosa: 
71
Numero di Onset dell'Implementazione: 
66
Differenza in Percentuale: 
7.042253521126761%

Librosa: 
[14, 16, 22, 32, 43, 56, 60, 73, 81, 90, 95, 100, 109, 114, 125, 130, 146, 154, 162, 182, 208, 216, 221, 228, 242, 252, 259, 268, 273, 279, 292, 307, 312, 320, 326, 334, 342, 359, 368, 376, 383, 390, 402, 408, 421, 428, 444, 454, 461, 471, 478, 483, 488, 492, 501, 508, 517, 531, 537, 543, 549, 556, 566, 573, 578, 584, 597, 605, 610, 623, 638]
Implementazione: 
[14, 15, 16, 21, 22, 31, 42, 46, 60, 61, 68, 81, 84, 89, 114, 146, 147, 153, 154, 163, 180, 188, 207, 208, 209, 210, 222, 227, 230, 232, 243, 258, 259, 268, 278, 279, 290, 293, 312, 315, 358, 361, 382, 383, 385, 406, 407, 443, 444, 458, 460, 461, 469, 470, 481, 502, 503, 507, 519, 522, 537, 557, 558, 566, 595, 608]

Confronto tra le Medie degli Array di Onset: 45.14788732394368

Media dei confronti tra onset (in frame) vicini8: 2.7083333333333335
In percentuale con il fattore di vicinanza per la comparazione: 33.85416666666667%



-----------------------------------------------------------

Traccia numero 5: libri2

-----------------------------------------------------------
Numero di Onset di Librosa: 
66
Numero di Onset dell'Implementazione: 
83
Differenza in Percentuale: 
20.481927710843372%

Librosa: 
[11, 24, 31, 35, 41, 48, 60, 66, 83, 110, 128, 136, 141, 152, 173, 180, 185, 192, 199, 202, 234, 236, 240, 253, 263, 276, 279, 290, 296, 305, 314, 317, 327, 330, 335, 343, 357, 366, 376, 378, 391, 397, 428, 444, 453, 459, 475, 485, 522, 532, 541, 560, 586, 591, 600, 609, 622, 632, 634, 648, 654, 663, 678, 687, 692, 696]
Implementazione: 
[10, 11, 14, 15, 17, 24, 34, 47, 48, 50, 60, 69, 128, 129, 140, 151, 164, 172, 173, 183, 184, 192, 197, 198, 201, 238, 239, 246, 251, 252, 262, 264, 267, 275, 278, 280, 281, 290, 295, 304, 328, 334, 341, 366, 375, 376, 377, 386, 387, 388, 389, 427, 428, 433, 435, 439, 453, 461, 470, 475, 500, 525, 526, 531, 546, 553, 555, 558, 559, 578, 579, 580, 597, 598, 599, 621, 622, 634, 644, 654, 685, 686, 695]

Confronto tra le Medie degli Array di Onset: 7.0713764147499205

Media dei confronti tra onset (in frame) vicini8: 2.8867924528301887
In percentuale con il fattore di vicinanza per la comparazione: 36.08490566037736%



-----------------------------------------------------------

Traccia numero 6: libri3

-----------------------------------------------------------
Numero di Onset di Librosa: 
68
Numero di Onset dell'Implementazione: 
70
Differenza in Percentuale: 
2.857142857142857%

Librosa: 
[3, 22, 34, 39, 44, 54, 57, 64, 73, 81, 86, 92, 101, 107, 128, 134, 140, 151, 159, 164, 169, 176, 178, 185, 193, 202, 211, 217, 223, 234, 248, 256, 263, 272, 279, 285, 297, 304, 315, 321, 332, 339, 346, 364, 386, 392, 403, 414, 418, 424, 429, 437, 456, 462, 467, 469, 472, 484, 494, 506, 516, 525, 534, 542, 548, 559, 571, 581]
Implementazione: 
[21, 22, 33, 36, 38, 56, 57, 63, 64, 65, 74, 75, 80, 81, 85, 98, 127, 128, 140, 155, 156, 158, 167, 168, 186, 191, 202, 219, 222, 248, 256, 258, 271, 278, 279, 280, 283, 288, 298, 303, 304, 310, 321, 331, 338, 345, 393, 394, 402, 408, 409, 427, 428, 432, 436, 456, 461, 468, 484, 494, 495, 515, 516, 524, 540, 541, 557, 558, 569, 570]

Confronto tra le Medie degli Array di Onset: 5.25

Media dei confronti tra onset (in frame) vicini8: 2.327272727272727
In percentuale con il fattore di vicinanza per la comparazione: 29.09090909090909%



-----------------------------------------------------------

Traccia numero 7: nutcracker

-----------------------------------------------------------
Numero di Onset di Librosa: 
63
Numero di Onset dell'Implementazione: 
98
Differenza in Percentuale: 
35.714285714285715%

Librosa: 
[51, 74, 100, 123, 149, 172, 198, 220, 246, 270, 295, 319, 343, 367, 393, 415, 439, 461, 473, 485, 507, 531, 553, 577, 589, 600, 623, 635, 646, 669, 681, 692, 715, 727, 738, 751, 762, 810, 831, 856, 877, 900, 923, 946, 958, 969, 992, 1004, 1015, 1038, 1051, 1061, 1085, 1107, 1130, 1161, 1174, 1178, 1201, 1213, 1225, 1248, 1272]
Implementazione: 
[50, 51, 74, 99, 100, 123, 149, 172, 173, 197, 199, 222, 245, 247, 270, 294, 295, 319, 343, 367, 368, 392, 393, 416, 419, 438, 439, 462, 473, 475, 480, 485, 507, 508, 509, 531, 533, 555, 579, 602, 623, 624, 637, 638, 668, 670, 671, 684, 694, 714, 715, 722, 728, 738, 757, 792, 808, 830, 831, 844, 853, 854, 864, 876, 877, 878, 902, 923, 924, 946, 948, 959, 969, 992, 993, 1015, 1038, 1040, 1052, 1055, 1062, 1084, 1106, 1107, 1131, 1134, 1146, 1159, 1199, 1200, 1212, 1214, 1219, 1224, 1225, 1249, 1271, 1272]

Confronto tra le Medie degli Array di Onset: 0.4297052154195171

Media dei confronti tra onset (in frame) vicini8: 1.3214285714285714
In percentuale con il fattore di vicinanza per la comparazione: 16.517857142857142%



-----------------------------------------------------------

Traccia numero 8: pistachio

-----------------------------------------------------------
Numero di Onset di Librosa: 
94
Numero di Onset dell'Implementazione: 
100
Differenza in Percentuale: 
6.0%

Librosa: 
[5, 17, 23, 33, 59, 76, 94, 105, 129, 148, 166, 175, 202, 220, 237, 255, 273, 292, 304, 309, 320, 345, 363, 381, 390, 416, 434, 452, 470, 487, 504, 521, 530, 559, 579, 596, 614, 632, 651, 671, 681, 698, 705, 723, 741, 751, 769, 776, 792, 811, 829, 848, 862, 866, 884, 895, 902, 911, 920, 928, 937, 951, 956, 965, 974, 982, 991, 1000, 1010, 1027, 1038, 1046, 1059, 1065, 1082, 1101, 1111, 1119, 1138, 1155, 1167, 1173, 1182, 1191, 1209, 1219, 1227, 1237, 1245, 1254, 1262, 1272, 1281, 1289]
Implementazione: 
[5, 6, 17, 22, 59, 75, 76, 77, 95, 104, 105, 129, 147, 165, 166, 175, 201, 202, 203, 219, 255, 273, 292, 303, 308, 319, 345, 362, 375, 380, 391, 416, 433, 451, 469, 470, 486, 503, 520, 558, 559, 578, 614, 632, 650, 651, 669, 670, 680, 698, 700, 722, 740, 750, 768, 769, 775, 791, 792, 810, 829, 847, 861, 866, 884, 894, 902, 920, 928, 936, 937, 951, 956, 973, 990, 999, 1009, 1026, 1037, 1059, 1064, 1083, 1095, 1101, 1110, 1136, 1137, 1154, 1155, 1172, 1181, 1182, 1191, 1218, 1226, 1227, 1245, 1254, 1262, 1280]

Confronto tra le Medie degli Array di Onset: 50.84170212765957

Media dei confronti tra onset (in frame) vicini8: 1.0
In percentuale con il fattore di vicinanza per la comparazione: 12.5%



-----------------------------------------------------------

Traccia numero 9: robin

-----------------------------------------------------------
Numero di Onset di Librosa: 
13
Numero di Onset dell'Implementazione: 
15
Differenza in Percentuale: 
13.333333333333334%

Librosa: 
[4, 8, 14, 22, 36, 39, 52, 57, 66, 72, 75, 82, 85]
Implementazione: 
[7, 8, 9, 10, 21, 22, 24, 36, 57, 58, 59, 63, 71, 72, 85]

Confronto tra le Medie degli Array di Onset: 6.943589743589747

Media dei confronti tra onset (in frame) vicini8: 2.6
In percentuale con il fattore di vicinanza per la comparazione: 32.5%



-----------------------------------------------------------

Traccia numero 10: sweetwaltz

-----------------------------------------------------------
Numero di Onset di Librosa: 
74
Numero di Onset dell'Implementazione: 
125
Differenza in Percentuale: 
40.8%

Librosa: 
[18, 35, 53, 70, 87, 104, 122, 139, 156, 173, 191, 208, 225, 242, 259, 277, 294, 311, 328, 345, 363, 380, 397, 414, 432, 449, 466, 483, 501, 518, 535, 552, 569, 587, 604, 621, 638, 656, 673, 690, 707, 724, 742, 759, 776, 794, 811, 828, 845, 862, 880, 897, 914, 931, 948, 966, 983, 1000, 1017, 1035, 1052, 1069, 1086, 1103, 1121, 1138, 1155, 1173, 1190, 1207, 1224, 1241, 1258, 1276]
Implementazione: 
[2, 17, 18, 35, 52, 104, 121, 156, 172, 173, 190, 207, 242, 259, 276, 310, 327, 328, 343, 362, 431, 445, 464, 482, 483, 499, 500, 516, 517, 534, 545, 550, 552, 557, 561, 562, 581, 592, 596, 599, 618, 626, 634, 638, 639, 640, 643, 647, 651, 653, 668, 678, 690, 723, 746, 751, 754, 771, 775, 783, 793, 799, 843, 844, 845, 862, 866, 874, 883, 891, 896, 902, 903, 915, 916, 930, 938, 945, 946, 952, 953, 960, 961, 969, 991, 1000, 1001, 1002, 1017, 1023, 1024, 1031, 1032, 1034, 1040, 1048, 1056, 1062, 1069, 1079, 1080, 1086, 1094, 1103, 1120, 1121, 1135, 1137, 1158, 1159, 1165, 1167, 1181, 1189, 1191, 1206, 1213, 1223, 1224, 1235, 1236, 1252, 1261, 1262, 1285]

Confronto tra le Medie degli Array di Onset: 117.54151351351356

Media dei confronti tra onset (in frame) vicini8: 2.5901639344262297
In percentuale con il fattore di vicinanza per la comparazione: 32.37704918032787%



-----------------------------------------------------------

Traccia numero 11: trumpet

-----------------------------------------------------------
Numero di Onset di Librosa: 
16
Numero di Onset dell'Implementazione: 
13
Differenza in Percentuale: 
18.75%

Librosa: 
[3, 10, 17, 26, 32, 40, 45, 48, 61, 72, 81, 88, 95, 102, 110, 130]
Implementazione: 
[7, 10, 42, 47, 60, 72, 73, 74, 87, 88, 102, 106, 112]

Confronto tra le Medie degli Array di Onset: 7.692307692307693

Media dei confronti tra onset (in frame) vicini8: 2.5454545454545454
In percentuale con il fattore di vicinanza per la comparazione: 31.818181818181817%



-----------------------------------------------------------

Traccia numero 12: vibeace

-----------------------------------------------------------
Numero di Onset di Librosa: 
137
Numero di Onset dell'Implementazione: 
108
Differenza in Percentuale: 
21.16788321167883%

Librosa: 
[4, 22, 47, 52, 72, 83, 102, 132, 142, 162, 181, 206, 211, 261, 286, 301, 320, 331, 337, 340, 348, 357, 368, 370, 377, 382, 396, 401, 411, 416, 420, 435, 445, 456, 460, 471, 476, 480, 499, 510, 515, 526, 529, 535, 540, 555, 560, 575, 579, 590, 608, 625, 635, 639, 649, 658, 673, 678, 683, 689, 698, 708, 713, 718, 728, 733, 737, 748, 752, 762, 767, 777, 788, 793, 798, 808, 817, 832, 837, 842, 844, 848, 856, 867, 872, 877, 892, 896, 907, 911, 921, 926, 936, 947, 952, 957, 967, 976, 991, 1001, 1007, 1016, 1026, 1031, 1036, 1051, 1055, 1066, 1070, 1081, 1085, 1095, 1106, 1111, 1116, 1126, 1135, 1150, 1160, 1162, 1166, 1175, 1185, 1190, 1195, 1205, 1210, 1214, 1225, 1229, 1240, 1244, 1254, 1265, 1270, 1275, 1285]
Implementazione: 
[3, 21, 42, 71, 72, 101, 112, 132, 152, 161, 162, 201, 210, 231, 251, 260, 271, 291, 311, 360, 369, 381, 390, 430, 439, 450, 459, 460, 470, 479, 480, 499, 519, 528, 549, 569, 578, 589, 599, 608, 619, 638, 639, 658, 659, 682, 683, 687, 698, 707, 708, 717, 724, 732, 736, 753, 770, 777, 787, 788, 796, 810, 817, 841, 842, 846, 857, 866, 867, 876, 891, 895, 936, 946, 947, 955, 969, 976, 1000, 1001, 1005, 1016, 1025, 1026, 1035, 1042, 1050, 1054, 1071, 1095, 1105, 1106, 1114, 1124, 1135, 1160, 1164, 1175, 1184, 1185, 1194, 1201, 1209, 1230, 1254, 1264, 1274, 1275]

Confronto tra le Medie degli Array di Onset: 18.136523384698535

Media dei confronti tra onset (in frame) vicini8: 2.1808510638297873
In percentuale con il fattore di vicinanza per la comparazione: 27.26063829787234%
